0.0
0.0
0.0
0.0
0.0
0.0
0.0
0.0
0.0
0.0
0.0
0.0
0.0
0.0
0.0
0.0
0.0
0.0
0.0
0.0
0.0
0.0
0.0
0.0
0.0
0.0
0.0
0.0
0.0
0.0
0.0
0.0
0.0
0.0
0.0
0.0
0.0
0.0
0.0
0.0
0.0
0.0
0.0
0.0
0.0
0.0
0.0
0.0
0.0
0.0
0.0
0.0
0.0
0.0
0.0
61.48272932051266
0.0
0.0
0.0
0.0
0.0
0.0
0.0
0.0
0.0
0.0
0.0
0.0
0.0
0.0
0.0
0.0
0.0
66.58083015273458
0.0
0.0
0.0
0.0
0.0
0.0
0.0
70.29304652151534
0.0
0.0
0.0
0.0
0.0
0.0
0.0
0.0
0.0
0.0
0.0
0.0
0.0
0.0
0.0
0.0
0.0
0.0
0.0
0.0
0.0
0.0
0.0
0.0
0.0
0.0
0.0
0.0
123.37909068084697
0.0
0.0
0.0
0.0
0.0
0.0
0.0
0.0
0.0
0.0
0.0
0.0
0.0
0.0
213.45012877053858
0.0
0.0
0.0
0.0
0.0
0.0
138.59579200234597
0.0
0.0
0.0
0.0
0.0
0.0
0.0
0.0
0.0
0.0
0.0
0.0
113.81007085742011
96.9982459067405
0.0
0.0
0.0
0.0
96.17823429986822
0.0
0.0
0.0
0.0
0.0
307.1094458727612
0.0
0.0
0.0
71.04241997898242
0.0
0.0
0.0
0.0
0.0
0.0
0.0
0.0
0.0
0.0
0.0
0.0
117.26391126633989
140.41918818854143
0.0
0.0
0.0
146.854787243177
0.0
0.0
0.0
0.0
186.15629612966026
61.48272932051266
0.0
0.0
0.0
0.0
312.8476870999403
0.0
0.0
0.0
0.0
0.0
0.0
0.0
65.84539176261201
0.0
0.0
0.0
0.0
0.0
0.0
0.0
0.0
0.0
0.0
0.0
0.0
0.0
0.0
68.05874422599506
0.0
0.0
0.0
0.0
0.0
0.0
0.0
0.0
0.0
0.0
0.0
0.0
1610.2513980530346
0.0
0.0
0.0
0.0
0.0
0.0
0.0
0.0
0.0
0.0
412.392245682474
0.0
0.0
0.0
0.0
0.0
0.0
0.0
0.0
0.0
0.0
472.13469706323673
0.0
0.0
66.58083015273458
0.0
0.0
0.0
0.0
0.0
0.0
0.0
0.0
0.0
0.0
0.0
0.0
0.0
0.0
0.0
65.11231385838741
0.0
0.0
84.12354619135334
0.0
0.0
64.38160765688532
0.0
0.0
0.0
0.0
0.0
0.0
0.0
0.0
0.0
0.0
0.0
92.10848199967899
0.0
0.0
0.0
0.0
0.0
0.0
0.0
0.0
0.0
0.0
0.0
0.0
0.0
0.0
0.0
0.0
0.0
0.0
0.0
0.0
0.0
0.0
0.0
0.0
0.0
0.0
0.0
0.0
0.0
0.0
0.0
199.16340892825875
0.0
0.0
0.0
0.0
0.0
0.0
0.0
0.0
0.0
0.0
0.0
0.0
0.0
0.0
0.0
0.0
0.0
0.0
0.0
0.0
0.0
68.05874422599506
0.0
0.0
0.0
0.0
0.0
0.0
0.0
0.0
0.0
0.0
0.0
0.0
0.0
0.0
0.0
0.0
0.0
0.0
0.0
0.0
0.0
0.0
0.0
0.0
0.0
0.0
0.0
0.0
0.0
0.0
0.0
0.0
0.0
0.0
0.0
0.0
0.0
0.0
0.0
0.0
0.0
0.0
0.0
0.0
0.0
0.0
0.0
0.0
0.0
0.0
0.0
0.0
0.0
0.0
0.0
0.0
0.0
0.0
0.0
0.0
0.0
0.0
0.0
0.0
0.0
0.0
0.0
0.0
0.0
0.0
0.0
0.0
0.0
0.0
0.0
0.0
0.0
0.0
0.0
0.0
0.0
0.0
0.0
0.0
0.0
0.0
0.0
0.0
0.0
0.0
0.0
0.0
0.0
0.0
0.0
0.0
0.0
0.0
117.26391126633989
0.0
0.0
0.0
0.0
0.0
177.30143636522752
0.0
0.0
0.0
0.0
0.0
0.0
0.0
0.0
0.0
0.0
0.0
0.0
0.0
0.0
0.0
0.0
0.0
0.0
0.0
0.0
0.0
0.0
0.0
0.0
88.8894961531805
71.04241997898242
0.0
0.0
0.0
0.0
0.0
0.0
0.0
0.0
0.0
0.0
0.0
0.0
0.0
0.0
0.0
113.81007085742011
0.0
0.0
0.0
0.0
0.0
0.0
0.0
491.68424902370293
0.0
0.0
245.00160033888716
0.0
0.0
0.0
0.0
0.0
0.0
0.0
140.41918818854143
0.0
0.0
0.0
0.0
0.0
0.0
0.0
0.0
69.5459691144967
293.46357351751107
0.0
0.0
0.0
0.0
0.0
0.0
0.0
0.0
0.0
0.0
0.0
0.0
77.8884454796101
260.1467631559913
0.0
0.0
178.27914991374737
0.0
0.0
0.0
0.0
0.0
967.249309047159
0.0
0.0
71.04241997898242
0.0
0.0
0.0
0.0
0.0
0.0
0.0
0.0
0.0
0.0
1461.0037109684367
0.0
0.0
0.0
0.0
0.0
0.0
0.0
0.0
0.0
0.0
0.0
160.92077357336504
0.0
0.0
220.69944825910076
0.0
0.0
0.0
150.56934893377385
0.0
0.0
0.0
0.0
0.0
88.0899271300017
0.0
0.0
450.2575870015598
598.3014977721248
0.0
0.0
0.0
0.0
0.0
0.0
0.0
0.0
0.0
0.0
0.0
0.0
0.0
0.0
0.0
0.0
0.0
0.0
0.0
0.0
0.0
0.0
0.0
0.0
0.0
0.0
0.0
0.0
0.0
0.0
0.0
0.0
89.69114399982422
0.0
0.0
0.0
0.0
0.0
0.0
189.13540396516927
0.0
0.0
0.0
0.0
277.7718285154703
0.0
0.0
0.0
0.0
0.0
0.0
0.0
0.0
0.0
0.0
0.0
134.0675285732573
261.23853270629564
0.0
0.0
0.0
0.0
0.0
0.0
0.0
0.0
343.1730571109542
70.29304652151534
236.4658783063274
0.0
0.0
0.0
0.0
0.0
0.0
0.0
0.0
0.0
0.0
0.0
0.0
0.0
0.0
0.0
0.0
0.0
0.0
91.30064469195332
0.0
0.0
251.4603003187847
0.0
102.79402639896207
137.68667514876373
0.0
0.0
0.0
0.0
0.0
0.0
0.0
0.0
68.80119816958822
0.0
0.0
0.0
0.0
0.0
0.0
0.0
0.0
0.0
0.0
0.0
0.0
0.0
191.12903131874762
0.0
0.0
0.0
0.0
0.0
0.0
0.0
0.0
0.0
0.0
0.0
0.0
0.0
0.0
0.0
0.0
0.0
0.0
0.0
0.0
0.0
0.0
0.0
0.0
0.0
0.0
0.0
0.0
0.0
0.0
0.0
0.0
0.0
0.0
0.0
0.0
0.0
0.0
0.0
0.0
0.0
0.0
0.0
0.0
0.0
0.0
0.0
0.0
0.0
0.0
0.0
0.0
0.0
0.0
0.0
0.0
0.0
0.0
0.0
0.0
0.0
0.0
0.0
0.0
0.0
0.0
0.0
0.0
0.0
0.0
0.0
0.0
0.0
0.0
0.0
0.0
0.0
0.0
0.0
0.0
0.0
0.0
0.0
0.0
0.0
0.0
0.0
0.0
0.0
0.0
0.0
0.0
0.0
0.0
0.0
0.0
0.0
0.0
0.0
0.0
0.0
0.0
0.0
0.0
0.0
0.0
0.0
0.0
0.0
0.0
0.0
0.0
0.0
0.0
0.0
0.0
0.0
0.0
0.0
0.0
106.14905756940233
0.0
0.0
0.0
0.0
0.0
0.0
0.0
0.0
0.0
0.0
0.0
0.0
75.58631018633226
0.0
0.0
0.0
0.0
0.0
0.0
0.0
119.87372399373767
0.0
0.0
0.0
243.92987215225463
0.0
0.0
0.0
0.0
0.0
0.0
0.0
0.0
0.0
0.0
0.0
0.0
0.0
0.0
768.2161181662976
0.0
63.653284518975326
0.0
0.0
0.0
0.0
0.0
0.0
0.0
0.0
0.0
0.0
0.0
0.0
77.11885623094234
67.31861795302751
0.0
0.0
0.0
550.3237064832547
0.0
0.0
0.0
0.0
0.0
0.0
0.0
0.0
0.0
0.0
0.0
0.0
0.0
0.0
0.0
0.0
0.0
0.0
0.0
0.0
0.0
0.0
0.0
61.48272932051266
0.0
0.0
0.0
0.0
0.0
0.0
0.0
0.0
0.0
0.0
0.0
101.12821277658297
0.0
0.0
0.0
0.0
0.0
0.0
962.4729605160339
112.09436065667279
0.0
0.0
0.0
0.0
0.0
115.53327022868014
0.0
0.0
0.0
0.0
0.0
0.0
0.0
0.0
0.0
0.0
0.0
0.0
0.0
0.0
187.14781647584877
0.0
0.0
0.0
0.0
0.0
0.0
0.0
0.0
0.0
0.0
0.0
0.0
0.0
0.0
0.0
0.0
0.0
0.0
136.77928551818795
0.0
0.0
0.0
0.0
0.0
0.0
0.0
0.0
71.04241997898242
0.0
0.0
278.88439632859735
0.0
0.0
0.0
0.0
0.0
222.78345513850311
0.0
0.0
143.16711763084265
965.6564355846571
0.0
0.0
0.0
0.0
0.0
0.0
0.0
0.0
0.0
0.0
0.0
0.0
0.0
0.0
0.0
0.0
0.0
153.37274761069773
0.0
0.0
0.0
0.0
0.0
0.0
0.0
0.0
0.0
0.0
0.0
0.0
0.0
0.0
0.0
0.0
0.0
0.0
0.0
0.0
0.0
0.0
0.0
0.0
0.0
0.0
0.0
0.0
0.0
0.0
0.0
0.0
0.0
0.0
0.0
0.0
0.0
0.0
0.0
0.0
0.0
0.0
0.0
0.0
0.0
0.0
0.0
0.0
0.0
0.0
0.0
0.0
0.0
0.0
0.0
0.0
0.0
0.0
0.0
0.0
0.0
0.0
0.0
0.0
0.0
0.0
0.0
0.0
0.0
0.0
0.0
0.0
0.0
0.0
0.0
0.0
0.0
0.0
0.0
0.0
0.0
0.0
0.0
0.0
0.0
0.0
0.0
0.0
0.0
0.0
0.0
0.0
0.0
0.0
0.0
0.0
0.0
0.0
0.0
0.0
0.0
0.0
0.0
0.0
0.0
0.0
0.0
0.0
0.0
0.0
0.0
0.0
0.0
0.0
0.0
0.0
0.0
0.0
0.0
0.0
0.0
0.0
0.0
0.0
0.0
0.0
0.0
0.0
0.0
0.0
0.0
0.0
0.0
0.0
0.0
0.0
0.0
0.0
0.0
0.0
0.0
0.0
0.0
0.0
0.0
0.0
0.0
0.0
0.0
0.0
0.0
0.0
0.0
0.0
0.0
0.0
0.0
0.0
0.0
0.0
0.0
0.0
0.0
0.0
0.0
0.0
0.0
0.0
0.0
67.31861795302751
0.0
0.0
0.0
0.0
0.0
0.0
0.0
0.0
0.0
0.0
0.0
0.0
0.0
0.0
0.0
0.0
0.0
0.0
0.0
0.0
126.02713356660114
0.0
0.0
0.0
0.0
0.0
0.0
0.0
0.0
0.0
74.06267040640438
0.0
0.0
0.0
0.0
0.0
0.0
0.0
0.0
0.0
0.0
0.0
0.0
0.0
0.0
0.0
0.0
67.31861795302751
0.0
201.1868404653879
120.74733229920054
0.0
0.0
0.0
0.0
0.0
0.0
0.0
0.0
0.0
0.0
0.0
0.0
0.0
0.0
0.0
1897.635503220453
0.0
0.0
0.0
355.0495502114276
0.0
0.0
0.0
0.0
0.0
0.0
273.33441095983943
448.98005122095833
0.0
0.0
77.11885623094234
0.0
0.0
0.0
0.0
0.0
0.0
0.0
0.0
0.0
0.0
0.0
0.0
0.0
0.0
80.21036728011582
0.0
0.0
0.0
0.0
0.0
0.0
0.0
0.0
0.0
0.0
161.87159572852542
0.0
0.0
0.0
0.0
0.0
0.0
0.0
0.0
0.0
0.0
0.0
0.0
0.0
0.0
343.1730571109542
0.0
0.0
184.17781931161295
0.0
0.0
0.0
0.0
0.0
0.0
248.22489433082984
0.0
0.0
0.0
0.0
0.0
0.0
0.0
0.0
0.0
0.0
0.0
0.0
221.74074588772925
0.0
0.0
0.0
0.0
0.0
0.0
0.0
0.0
0.0
0.0
0.0
0.0
0.0
0.0
0.0
0.0
168.57228799882787
0.0
0.0
0.0
93.73029227462796
0.0
0.0
0.0
0.0
0.0
392.5945627063419
325.5788637328019
0.0
0.0
0.0
0.0
0.0
0.0
0.0
0.0
0.0
0.0
0.0
0.0
0.0
0.0
0.0
0.0
0.0
0.0
0.0
0.0
0.0
0.0
0.0
66.58083015273458
0.0
0.0
0.0
0.0
0.0
0.0
0.0
0.0
0.0
0.0
0.0
0.0
0.0
0.0
0.0
0.0
0.0
0.0
0.0
0.0
0.0
0.0
0.0
0.0
0.0
139.50663127251525
147.78091772412404
0.0
0.0
0.0
0.0
0.0
0.0
0.0
0.0
0.0
0.0
68.80119816958822
0.0
0.0
0.0
0.0
0.0
0.0
0.0
0.0
0.0
0.0
0.0
0.0
0.0
0.0
0.0
0.0
0.0
0.0
0.0
0.0
0.0
0.0
0.0
0.0
0.0
0.0
0.0
0.0
0.0
0.0
0.0
0.0
0.0
0.0
0.0
0.0
0.0
0.0
0.0
0.0
0.0
0.0
0.0
0.0
0.0
0.0
0.0
0.0
0.0
0.0
0.0
0.0
0.0
0.0
0.0
0.0
0.0
0.0
0.0
0.0
0.0
0.0
0.0
0.0
0.0
0.0
0.0
0.0
0.0
0.0
0.0
0.0
0.0
0.0
0.0
0.0
0.0
0.0
0.0
0.0
0.0
0.0
0.0
0.0
0.0
0.0
0.0
0.0
0.0
0.0
0.0
0.0
0.0
0.0
0.0
0.0
0.0
0.0
0.0
0.0
0.0
0.0
0.0
0.0
0.0
0.0
0.0
0.0
0.0
0.0
0.0
0.0
0.0
0.0
0.0
0.0
0.0
0.0
0.0
0.0
0.0
0.0
0.0
0.0
0.0
0.0
0.0
0.0
0.0
171.46787167112598
0.0
0.0
0.0
0.0
0.0
0.0
0.0
0.0
0.0
0.0
0.0
0.0
0.0
0.0
0.0
0.0
62.92735595260608
0.0
0.0
0.0
0.0
183.19086973292312
0.0
0.0
0.0
0.0
0.0
0.0
1729.5951339830808
0.0
0.0
0.0
0.0
0.0
0.0
0.0
88.0899271300017
0.0
0.0
96.9982459067405
0.0
0.0
0.0
0.0
0.0
0.0
0.0
0.0
0.0
0.0
0.0
0.0
0.0
0.0
0.0
0.0
0.0
0.0
0.0
0.0
0.0
70.29304652151534
0.0
82.55183097507432
0.0
70.29304652151534
0.0
0.0
0.0
0.0
0.0
79.43421011290592
0.0
0.0
0.0
0.0
114.67073738473584
142.2494360511247
0.0
0.0
0.0
0.0
0.0
0.0
0.0
261.23853270629564
85.70377310358847
0.0
0.0
0.0
0.0
152.4366255723229
242.85949971782333
0.0
0.0
88.0899271300017
382.8017522158701
0.0
0.0
0.0
0.0
0.0
215.5142335509991
0.0
0.0
0.0
0.0
0.0
0.0
0.0
0.0
0.0
811.7993576680598
0.0
0.0
0.0
0.0
0.0
0.0
0.0
0.0
0.0
0.0
0.0
0.0
0.0
0.0
0.0
0.0
0.0
243.92987215225463
0.0
0.0
0.0
0.0
0.0
92.10848199967899
0.0
0.0
0.0
254.70775206867714
0.0
0.0
0.0
0.0
0.0
0.0
0.0
0.0
0.0
0.0
0.0
0.0
0.0
0.0
0.0
0.0
0.0
0.0
0.0
0.0
134.96970733280855
0.0
0.0
0.0
0.0
0.0
64.38160765688532
0.0
0.0
0.0
0.0
0.0
0.0
0.0
79.43421011290592
423.65093151192434
168.57228799882787
0.0
0.0
0.0
901.0066832116185
0.0
0.0
0.0
0.0
0.0
0.0
0.0
0.0
264.5217338473082
113.81007085742011
0.0
0.0
0.0
0.0
0.0
0.0
0.0
0.0
0.0
0.0
0.0
0.0
0.0
0.0
0.0
0.0
0.0
0.0
0.0
0.0
0.0
0.0
0.0
0.0
0.0
0.0
0.0
0.0
0.0
722.4033875574243
0.0
0.0
0.0
0.0
0.0
0.0
0.0
0.0
0.0
0.0
0.0
0.0
0.0
0.0
0.0
0.0
0.0
0.0
0.0
0.0
0.0
0.0
0.0
0.0
61.48272932051266
0.0
0.0
0.0
0.0
0.0
0.0
0.0
0.0
0.0
0.0
0.0
0.0
0.0
0.0
0.0
0.0
0.0
0.0
0.0
0.0
0.0
0.0
0.0
0.0
0.0
0.0
0.0
0.0
0.0
0.0
0.0
0.0
0.0
0.0
0.0
0.0
0.0
0.0
0.0
0.0
0.0
0.0
0.0
0.0
0.0
0.0
0.0
0.0
0.0
0.0
0.0
0.0
0.0
0.0
0.0
0.0
0.0
0.0
0.0
0.0
0.0
0.0
0.0
0.0
0.0
0.0
0.0
0.0
0.0
0.0
0.0
0.0
0.0
0.0
0.0
0.0
0.0
0.0
0.0
0.0
0.0
0.0
0.0
0.0
0.0
0.0
0.0
0.0
0.0
0.0
0.0
0.0
0.0
0.0
0.0
0.0
0.0
0.0
0.0
0.0
0.0
0.0
0.0
0.0
0.0
0.0
0.0
0.0
0.0
0.0
0.0
0.0
0.0
0.0
0.0
0.0
0.0
0.0
0.0
0.0
0.0
0.0
0.0
0.0
0.0
0.0
0.0
0.0
0.0
0.0
0.0
0.0
0.0
0.0
0.0
0.0
0.0
0.0
0.0
0.0
0.0
0.0
0.0
0.0
0.0
0.0
0.0
173.40613702087532
0.0
0.0
0.0
0.0
0.0
0.0
0.0
0.0
0.0
0.0
0.0
316.30528925845863
0.0
0.0
61.48272932051266
0.0
0.0
0.0
0.0
0.0
252.54144906030447
0.0
0.0
0.0
0.0
0.0
0.0
0.0
0.0
0.0
0.0
0.0
257.96718430860363
0.0
0.0
0.0
0.0
0.0
194.13073864975001
0.0
0.0
0.0
0.0
0.0
0.0
270.01990577459844
0.0
0.0
0.0
0.0
0.0
0.0
0.0
0.0
0.0
0.0
0.0
364.6340959806937
0.0
0.0
0.0
0.0
0.0
0.0
216.5484305198776
775.6808820528672
1606.5617521836584
0.0
0.0
0.0
0.0
183.19086973292312
0.0
0.0
0.0
0.0
0.0
0.0
0.0
0.0
0.0
0.0
0.0
0.0
0.0
104.46765909319001
156.19099729211482
0.0
317.46025483634605
0.0
0.0
0.0
0.0
0.0
0.0
0.0
0.0
0.0
0.0
0.0
0.0
0.0
74.06267040640438
0.0
0.0
0.0
0.0
114.67073738473584
0.0
0.0
0.0
0.0
0.0
80.21036728011582
0.0
0.0
0.0
0.0
0.0
0.0
223.8275732100887
0.0
0.0
0.0
0.0
0.0
0.0
0.0
0.0
0.0
0.0
0.0
0.0
136.77928551818795
0.0
0.0
0.0
0.0
0.0
0.0
0.0
0.0
0.0
0.0
429.94338141360595
0.0
0.0
0.0
0.0
0.0
594.1440416838095
179.25841169448032
0.0
0.0
0.0
0.0
0.0
368.24721345186276
0.0
0.0
0.0
117.26391126633989
0.0
0.0
0.0
0.0
89.69114399982422
92.10848199967899
0.0
0.0
0.0
0.0
0.0
0.0
0.0
0.0
0.0
0.0
0.0
0.0
0.0
0.0
0.0
0.0
0.0
0.0
0.0
0.0
153.37274761069773
440.06669058322285
0.0
0.0
0.0
0.0
0.0
0.0
0.0
0.0
0.0
0.0
0.0
0.0
0.0
0.0
0.0
0.0
0.0
0.0
0.0
0.0
0.0
0.0
0.0
0.0
0.0
0.0
0.0
0.0
0.0
0.0
0.0
0.0
0.0
0.0
0.0
0.0
0.0
0.0
0.0
0.0
0.0
0.0
0.0
0.0
0.0
0.0
0.0
0.0
0.0
0.0
0.0
0.0
0.0
0.0
0.0
0.0
0.0
0.0
0.0
0.0
0.0
0.0
0.0
0.0
0.0
0.0
0.0
0.0
0.0
0.0
0.0
0.0
77.8884454796101
0.0
0.0
0.0
0.0
0.0
0.0
0.0
0.0
0.0
0.0
0.0
0.0
0.0
0.0
0.0
0.0
0.0
0.0
0.0
0.0
0.0
0.0
0.0
0.0
0.0
0.0
0.0
0.0
0.0
0.0
0.0
0.0
0.0
0.0
0.0
62.92735595260608
0.0
89.69114399982422
0.0
0.0
0.0
0.0
0.0
0.0
0.0
0.0
0.0
0.0
0.0
0.0
0.0
0.0
0.0
0.0
0.0
0.0
0.0
0.0
0.0
0.0
102.79402639896207
100.29825504079348
0.0
0.0
0.0
0.0
0.0
0.0
0.0
0.0
0.0
0.0
0.0
0.0
0.0
0.0
0.0
0.0
0.0
0.0
0.0
0.0
0.0
0.0
0.0
0.0
0.0
0.0
0.0
71.04241997898242
0.0
0.0
0.0
0.0
0.0
0.0
0.0
0.0
0.0
0.0
109.53494349361108
0.0
0.0
0.0
0.0
88.8894961531805
0.0
0.0
0.0
0.0
0.0
0.0
0.0
0.0
0.0
0.0
0.0
0.0
0.0
0.0
457.9447205661784
0.0
0.0
0.0
0.0
0.0
0.0
136.77928551818795
0.0
0.0
0.0
0.0
74.06267040640438
0.0
0.0
0.0
0.0
0.0
0.0
84.91259989434619
0.0
0.0
0.0
0.0
0.0
0.0
363.4320084566545
0.0
0.0
0.0
0.0
0.0
0.0
0.0
0.0
0.0
0.0
0.0
0.0
0.0
0.0
0.0
0.0
0.0
0.0
0.0
0.0
0.0
2310.002471149355
0.0
178.27914991374737
0.0
0.0
0.0
772.6924796452242
62.20383361592869
0.0
0.0
0.0
0.0
0.0
0.0
0.0
0.0
0.0
0.0
0.0
0.0
0.0
0.0
0.0
0.0
0.0
0.0
0.0
0.0
0.0
0.0
0.0
0.0
0.0
0.0
0.0
0.0
0.0
0.0
0.0
0.0
0.0
0.0
0.0
0.0
0.0
0.0
0.0
0.0
0.0
0.0
0.0
0.0
0.0
0.0
0.0
0.0
0.0
0.0
0.0
0.0
0.0
0.0
0.0
0.0
0.0
0.0
0.0
0.0
0.0
0.0
0.0
0.0
0.0
0.0
0.0
0.0
0.0
0.0
0.0
0.0
0.0
0.0
0.0
0.0
0.0
0.0
0.0
0.0
0.0
0.0
0.0
0.0
0.0
0.0
71.04241997898242
0.0
0.0
0.0
0.0
0.0
0.0
0.0
0.0
0.0
0.0
0.0
0.0
0.0
0.0
0.0
0.0
0.0
0.0
0.0
0.0
0.0
0.0
0.0
0.0
0.0
0.0
0.0
233.2875778236974
287.8308751210045
172.43621922972602
117.26391126633989
345.53902356068477
0.0
0.0
0.0
0.0
0.0
0.0
0.0
0.0
61.48272932051266
381.5826762389543
76.35147467706705
0.0
0.0
0.0
0.0
0.0
0.0
0.0
0.0
0.0
0.0
0.0
0.0
0.0
0.0
0.0
0.0
0.0
0.0
0.0
0.0
0.0
0.0
0.0
0.0
0.0
0.0
0.0
0.0
0.0
0.0
0.0
0.0
0.0
0.0
0.0
0.0
0.0
0.0
0.0
0.0
0.0
0.0
0.0
0.0
0.0
0.0
0.0
0.0
0.0
0.0
0.0
0.0
0.0
0.0
0.0
0.0
0.0
0.0
0.0
0.0
0.0
0.0
0.0
0.0
0.0
0.0
0.0
0.0
0.0
0.0
0.0
0.0
0.0
0.0
0.0
0.0
0.0
0.0
0.0
0.0
0.0
0.0
0.0
0.0
0.0
0.0
0.0
0.0
0.0
0.0
153.37274761069773
0.0
0.0
0.0
0.0
0.0
0.0
0.0
0.0
0.0
0.0
0.0
0.0
0.0
162.82403072039122
0.0
0.0
0.0
0.0
0.0
0.0
0.0
0.0
0.0
0.0
0.0
0.0
0.0
0.0
0.0
0.0
0.0
0.0
0.0
85.70377310358847
0.0
0.0
0.0
0.0
0.0
0.0
0.0
0.0
0.0
0.0
0.0
0.0
0.0
0.0
0.0
0.0
185.1662959295371
0.0
0.0
0.0
0.0
0.0
65.84539176261201
0.0
0.0
959.2925181220446
617.8129071049285
0.0
0.0
0.0
0.0
0.0
0.0
208.31502378116141
0.0
0.0
0.0
0.0
0.0
0.0
0.0
0.0
148.70872445185776
0.0
0.0
0.0
0.0
0.0
0.0
0.0
664.5092583696156
0.0
0.0
168.57228799882787
0.0
0.0
0.0
0.0
313.99900350566713
0.0
0.0
0.0
0.0
0.0
0.0
0.0
0.0
0.0
117.26391126633989
0.0
0.0
0.0
0.0
0.0
0.0
0.0
0.0
0.0
0.0
0.0
0.0
0.0
674.5397171838866
100.29825504079348
0.0
0.0
0.0
144.08649812191604
0.0
0.0
0.0
0.0
108.68560191548418
172.43621922972602
0.0
0.0
0.0
0.0
0.0
0.0
0.0
0.0
0.0
0.0
0.0
0.0
0.0
67.31861795302751
0.0
0.0
0.0
0.0
134.96970733280855
0.0
1059.277861567523
61.48272932051266
126.02713356660114
0.0
0.0
0.0
0.0
0.0
246.07468176338375
0.0
0.0
192.1281015706315
0.0
0.0
0.0
0.0
0.0
0.0
0.0
0.0
0.0
0.0
0.0
243.92987215225463
0.0
0.0
0.0
0.0
0.0
92.10848199967899
0.0
0.0
0.0
254.70775206867714
0.0
0.0
0.0
0.0
0.0
0.0
0.0
0.0
0.0
0.0
0.0
0.0
0.0
0.0
0.0
0.0
0.0
0.0
0.0
0.0
134.96970733280855
0.0
482.53267584982245
0.0
418.6362806182121
0.0
0.0
0.0
0.0
0.0
0.0
443.88039175192057
0.0
0.0
0.0
0.0
0.0
0.0
0.0
0.0
84.12354619135334
92.10848199967899
0.0
0.0
0.0
61.48272932051266
1260.6551322606947
0.0
0.0
192.1281015706315
0.0
0.0
0.0
0.0
0.0
1141.9556247044104
915.0871669024627
0.0
0.0
0.0
0.0
0.0
0.0
322.0922248797967
92.10848199967899
92.10848199967899
0.0
0.0
0.0
144.08649812191604
0.0
0.0
0.0
0.0
0.0
0.0
0.0
0.0
0.0
0.0
0.0
0.0
0.0
0.0
0.0
0.0
0.0
0.0
0.0
0.0
0.0
0.0
0.0
0.0
68.80119816958822
0.0
0.0
0.0
0.0
0.0
0.0
0.0
0.0
0.0
0.0
0.0
0.0
0.0
0.0
0.0
0.0
0.0
0.0
0.0
0.0
0.0
0.0
0.0
0.0
0.0
0.0
0.0
0.0
0.0
0.0
0.0
0.0
0.0
0.0
0.0
0.0
0.0
0.0
0.0
0.0
0.0
0.0
0.0
0.0
0.0
0.0
0.0
0.0
0.0
0.0
0.0
0.0
0.0
0.0
0.0
0.0
0.0
0.0
0.0
0.0
0.0
0.0
0.0
0.0
0.0
0.0
0.0
0.0
0.0
0.0
0.0
0.0
0.0
0.0
0.0
0.0
0.0
0.0
0.0
0.0
0.0
0.0
0.0
0.0
0.0
0.0
0.0
0.0
0.0
0.0
0.0
0.0
0.0
0.0
0.0
0.0
0.0
0.0
0.0
0.0
0.0
0.0
0.0
0.0
0.0
0.0
0.0
0.0
0.0
0.0
0.0
0.0
0.0
0.0
0.0
0.0
0.0
0.0
0.0
0.0
0.0
0.0
0.0
0.0
0.0
0.0
0.0
0.0
0.0
0.0
0.0
0.0
0.0
0.0
0.0
0.0
0.0
0.0
0.0
0.0
0.0
0.0
0.0
0.0
0.0
0.0
0.0
0.0
0.0
0.0
0.0
0.0
0.0
0.0
0.0
0.0
0.0
0.0
0.0
0.0
0.0
0.0
0.0
62.92735595260608
77.8884454796101
0.0
0.0
0.0
0.0
0.0
0.0
0.0
0.0
0.0
304.8227443078138
461.8023221234722
0.0
0.0
0.0
0.0
0.0
0.0
0.0
0.0
0.0
0.0
0.0
0.0
0.0
0.0
0.0
2171.9754565681274
0.0
0.0
0.0
66.58083015273458
0.0
0.0
0.0
0.0
0.0
0.0
0.0
0.0
0.0
0.0
0.0
0.0
0.0
0.0
0.0
0.0
0.0
0.0
0.0
166.64981942110515
0.0
0.0
247.14911392386904
634.6797650424792
0.0
0.0
0.0
0.0
0.0
0.0
0.0
0.0
0.0
0.0
233.2875778236974
0.0
0.0
0.0
203.21615593758148
144.08649812191604
0.0
0.0
0.0
0.0
0.0
0.0
0.0
143.16711763084265
0.0
0.0
0.0
0.0
0.0
0.0
0.0
0.0
0.0
0.0
0.0
0.0
0.0
0.0
0.0
0.0
0.0
0.0
195.13429890551168
0.0
0.0
0.0
0.0
97.82026089623449
0.0
0.0
0.0
0.0
0.0
0.0
0.0
0.0
0.0
0.0
0.0
0.0
0.0
0.0
0.0
334.92922389156615
89.69114399982422
0.0
0.0
0.0
0.0
0.0
0.0
0.0
508.81072226489266
0.0
0.0
0.0
0.0
0.0
139.50663127251525
127.80147030479722
0.0
0.0
0.0
0.0
0.0
0.0
0.0
0.0
0.0
0.0
0.0
0.0
857.6065007545689
0.0
0.0
0.0
0.0
145.93033747702938
0.0
0.0
0.0
0.0
0.0
0.0
0.0
0.0
0.0
0.0
0.0
0.0
0.0
0.0
0.0
0.0
0.0
0.0
0.0
0.0
0.0
0.0
0.0
0.0
0.0
0.0
0.0
0.0
0.0
0.0
0.0
0.0
0.0
0.0
0.0
0.0
0.0
0.0
0.0
0.0
0.0
95.36023329043057
0.0
0.0
0.0
0.0
0.0
0.0
0.0
0.0
0.0
0.0
0.0
0.0
0.0
0.0
0.0
0.0
0.0
0.0
0.0
0.0
0.0
0.0
0.0
0.0
0.0
0.0
0.0
0.0
0.0
0.0
0.0
0.0
0.0
0.0
0.0
0.0
0.0
0.0
0.0
0.0
0.0
0.0
0.0
0.0
0.0
0.0
0.0
0.0
0.0
0.0
0.0
0.0
0.0
0.0
0.0
0.0
0.0
0.0
0.0
0.0
0.0
0.0
0.0
0.0
0.0
0.0
0.0
0.0
0.0
0.0
0.0
0.0
0.0
0.0
0.0
0.0
0.0
0.0
0.0
0.0
0.0
0.0
0.0
0.0
0.0
0.0
0.0
0.0
0.0
0.0
0.0
0.0
0.0
0.0
0.0
0.0
0.0
0.0
0.0
0.0
0.0
0.0
0.0
0.0
0.0
0.0
0.0
0.0
0.0
0.0
0.0
0.0
0.0
0.0
0.0
0.0
0.0
0.0
0.0
0.0
0.0
0.0
0.0
0.0
0.0
0.0
0.0
0.0
0.0
0.0
0.0
0.0
0.0
0.0
202.20076427573719
68.05874422599506
0.0
0.0
0.0
0.0
0.0
0.0
0.0
96.17823429986822
91.30064469195332
0.0
0.0
0.0
0.0
0.0
0.0
0.0
0.0
170.5010980938258
0.0
0.0
0.0
0.0
163.77807454747906
0.0
0.0
0.0
0.0
0.0
0.0
0.0
0.0
0.0
0.0
0.0
0.0
0.0
0.0
0.0
0.0
0.0
0.0
0.0
0.0
0.0
0.0
0.0
0.0
0.0
0.0
0.0
0.0
0.0
0.0
0.0
0.0
0.0
0.0
0.0
0.0
0.0
0.0
0.0
0.0
0.0
0.0
0.0
0.0
0.0
0.0
0.0
0.0
0.0
0.0
0.0
217.5840533449557
0.0
0.0
0.0
0.0
0.0
209.3391578519865
0.0
0.0
0.0
0.0
0.0
0.0
0.0
0.0
0.0
0.0
177.30143636522752
106.14905756940233
0.0
0.0
0.0
0.0
1062.5504147856277
0.0
0.0
0.0
0.0
0.0
0.0
0.0
0.0
0.0
90.4948627821126
0.0
0.0
0.0
189.13540396516927
0.0
0.0
0.0
0.0
0.0
0.0
0.0
0.0
0.0
0.0
85.70377310358847
164.73372323481007
0.0
0.0
0.0
0.0
0.0
0.0
211.3917623397388
0.0
0.0
0.0
0.0
0.0
0.0
0.0
0.0
0.0
0.0
0.0
0.0
0.0
0.0
0.0
0.0
0.0
0.0
0.0
0.0
0.0
0.0
0.0
0.0
0.0
0.0
0.0
1366.8009828031643
0.0
0.0
0.0
0.0
0.0
0.0
0.0
0.0
0.0
0.0
344.35545454102044
0.0
0.0
0.0
0.0
0.0
0.0
0.0
123.37909068084697
0.0
62.92735595260608
0.0
0.0
0.0
0.0
0.0
0.0
0.0
0.0
0.0
0.0
0.0
0.0
0.0
0.0
0.0
0.0
1765.4950307968015
0.0
499.56776553385316
1222.985972080025
0.0
102.79402639896207
106.99265258666823
0.0
0.0
0.0
0.0
0.0
0.0
0.0
0.0
0.0
193.12867177943411
164.73372323481007
0.0
0.0
64.38160765688532
0.0
0.0
0.0
0.0
0.0
0.0
0.0
0.0
0.0
0.0
0.0
0.0
0.0
0.0
0.0
0.0
0.0
0.0
0.0
0.0
0.0
0.0
0.0
0.0
0.0
0.0
0.0
0.0
0.0
73.30421439873498
0.0
0.0
0.0
0.0
0.0
0.0
0.0
0.0
0.0
0.0
0.0
0.0
0.0
0.0
0.0
0.0
0.0
0.0
0.0
0.0
0.0
0.0
0.0
0.0
0.0
0.0
0.0
0.0
0.0
0.0
0.0
0.0
0.0
0.0
0.0
0.0
0.0
0.0
0.0
0.0
0.0
0.0
138.59579200234597
0.0
70.29304652151534
0.0
0.0
0.0
0.0
0.0
0.0
0.0
0.0
0.0
0.0
0.0
0.0
0.0
0.0
0.0
0.0
0.0
0.0
0.0
0.0
0.0
0.0
0.0
0.0
0.0
0.0
0.0
0.0
0.0
0.0
0.0
0.0
0.0
0.0
0.0
0.0
0.0
103.62986871560936
0.0
0.0
0.0
0.0
0.0
0.0
0.0
0.0
0.0
0.0
0.0
0.0
0.0
0.0
0.0
0.0
0.0
0.0
0.0
0.0
0.0
0.0
0.0
0.0
0.0
0.0
0.0
0.0
0.0
0.0
0.0
0.0
0.0
0.0
0.0
0.0
0.0
0.0
0.0
0.0
243.92987215225463
0.0
0.0
0.0
0.0
0.0
0.0
0.0
0.0
0.0
0.0
0.0
0.0
0.0
0.0
0.0
0.0
0.0
0.0
0.0
0.0
0.0
0.0
0.0
0.0
0.0
0.0
0.0
0.0
0.0
0.0
0.0
0.0
0.0
0.0
0.0
0.0
0.0
0.0
0.0
0.0
0.0
0.0
146.854787243177
0.0
0.0
0.0
84.12354619135334
0.0
0.0
0.0
0.0
0.0
0.0
0.0
0.0
0.0
0.0
189.13540396516927
0.0
167.61025910009414
0.0
0.0
0.0
0.0
0.0
0.0
0.0
0.0
0.0
0.0
0.0
0.0
65.11231385838741
0.0
0.0
2622.946726445278
0.0
0.0
0.0
0.0
0.0
504.84347461113987
0.0
0.0
257.96718430860363
0.0
0.0
0.0
0.0
0.0
0.0
565.2776106120306
0.0
0.0
0.0
0.0
101.96013883478246
0.0
0.0
72.5480140214448
0.0
0.0
0.0
0.0
0.0
0.0
0.0
0.0
0.0
780.1697142083561
771.1995261862486
63.653284518975326
121.6227665591514
0.0
0.0
78.6602331601003
0.0
0.0
0.0
0.0
63.653284518975326
0.0
0.0
0.0
0.0
0.0
0.0
0.0
0.0
0.0
0.0
0.0
566.6427747909698
241.79048556249373
0.0
0.0
0.0
0.0
134.96970733280855
0.0
0.0
0.0
0.0
0.0
0.0
261.23853270629564
0.0
0.0
0.0
0.0
0.0
0.0
0.0
0.0
0.0
0.0
0.0
0.0
0.0
0.0
0.0
0.0
0.0
0.0
0.0
0.0
0.0
0.0
0.0
0.0
0.0
0.0
0.0
0.0
0.0
0.0
0.0
0.0
0.0
0.0
0.0
0.0
0.0
0.0
0.0
0.0
0.0
0.0
0.0
65.11231385838741
0.0
0.0
0.0
0.0
0.0
0.0
0.0
0.0
0.0
0.0
0.0
99.47027250772065
0.0
0.0
0.0
0.0
0.0
0.0
0.0
0.0
0.0
0.0
0.0
0.0
0.0
0.0
0.0
0.0
0.0
0.0
0.0
0.0
0.0
0.0
0.0
0.0
0.0
0.0
0.0
0.0
0.0
0.0
0.0
0.0
0.0
0.0
0.0
0.0
0.0
0.0
0.0
0.0
0.0
0.0
0.0
0.0
0.0
0.0
0.0
0.0
0.0
0.0
0.0
0.0
0.0
0.0
0.0
0.0
0.0
0.0
0.0
0.0
0.0
0.0
0.0
0.0
0.0
0.0
0.0
0.0
0.0
0.0
0.0
0.0
0.0
0.0
0.0
0.0
0.0
0.0
0.0
0.0
0.0
0.0
0.0
0.0
0.0
0.0
0.0
0.0
0.0
0.0
0.0
0.0
0.0
0.0
0.0
0.0
0.0
0.0
0.0
0.0
0.0
0.0
0.0
0.0
0.0
0.0
0.0
0.0
0.0
0.0
0.0
0.0
0.0
0.0
0.0
0.0
0.0
0.0
0.0
0.0
0.0
0.0
0.0
0.0
0.0
0.0
0.0
0.0
0.0
0.0
0.0
0.0
0.0
0.0
0.0
0.0
0.0
0.0
0.0
0.0
0.0
0.0
0.0
0.0
0.0
0.0
0.0
0.0
0.0
0.0
0.0
0.0
0.0
89.69114399982422
71.79407920028724
0.0
0.0
0.0
0.0
0.0
0.0
0.0
0.0
0.0
0.0
367.0417000693873
0.0
0.0
0.0
0.0
0.0
0.0
0.0
128.69131517861604
0.0
0.0
0.0
0.0
0.0
0.0
0.0
0.0
0.0
0.0
0.0
0.0
0.0
0.0
0.0
0.0
470.83954996858904
0.0
0.0
0.0
0.0
0.0
0.0
0.0
0.0
0.0
0.0
79.43421011290592
0.0
0.0
0.0
0.0
0.0
0.0
0.0
113.81007085742011
141.33345801495494
83.33662038991305
0.0
0.0
0.0
0.0
0.0
0.0
0.0
0.0
0.0
0.0
86.49705751198876
0.0
0.0
0.0
0.0
0.0
0.0
0.0
0.0
0.0
0.0
0.0
0.0
0.0
82.55183097507432
0.0
0.0
0.0
0.0
0.0
0.0
0.0
523.4335413913885
1386.2032470825898
0.0
0.0
0.0
0.0
0.0
0.0
0.0
0.0
0.0
0.0
0.0
0.0
0.0
240.72283222583215
0.0
0.0
0.0
0.0
265.61875733963615
85.70377310358847
741.5162497640907
358.63512590068535
265.61875733963615
0.0
0.0
0.0
0.0
0.0
0.0
0.0
0.0
0.0
0.0
0.0
0.0
0.0
0.0
0.0
73.30421439873498
0.0
0.0
0.0
0.0
0.0
0.0
0.0
0.0
0.0
0.0
0.0
311.6975908672098
218.6210991486603
0.0
0.0
0.0
0.0
0.0
0.0
0.0
0.0
0.0
0.0
0.0
0.0
0.0
0.0
0.0
0.0
0.0
0.0
0.0
0.0
0.0
0.0
0.0
0.0
0.0
0.0
0.0
0.0
0.0
0.0
0.0
0.0
0.0
0.0
0.0
0.0
0.0
0.0
0.0
0.0
0.0
0.0
0.0
0.0
0.0
0.0
0.0
0.0
0.0
0.0
0.0
0.0
0.0
0.0
0.0
0.0
0.0
0.0
0.0
0.0
0.0
0.0
0.0
0.0
0.0
0.0
0.0
0.0
0.0
0.0
0.0
0.0
0.0
0.0
0.0
0.0
0.0
0.0
0.0
0.0
0.0
0.0
0.0
0.0
0.0
0.0
0.0
0.0
0.0
0.0
0.0
0.0
0.0
0.0
0.0
0.0
0.0
0.0
0.0
0.0
0.0
0.0
0.0
0.0
0.0
0.0
0.0
0.0
0.0
0.0
0.0
0.0
0.0
0.0
0.0
0.0
0.0
0.0
0.0
0.0
0.0
0.0
0.0
0.0
0.0
0.0
0.0
0.0
0.0
0.0
0.0
0.0
0.0
0.0
0.0
0.0
0.0
0.0
0.0
0.0
0.0
0.0
0.0
0.0
