0.0
0.0
0.0
0.0
0.0
0.0
0.0
0.0
0.0
0.0
0.0
0.0
0.0
0.0
0.0
0.0
0.0
0.0
0.0
0.0
0.0
0.0
0.0
0.0
0.0
0.0
0.0
0.0
0.0
0.0
0.0
0.0
0.0
0.0
0.0
0.0
0.0
0.0
0.0
0.0
0.0
0.0
0.0
0.0
0.0
0.0
0.0
0.0
0.0
0.0
0.0
0.0
0.0
0.0
0.0
61.41959609931181
0.0
0.0
0.0
0.0
0.0
0.0
0.0
0.0
0.0
0.0
0.0
0.0
0.0
0.0
0.0
0.0
0.0
66.51393451957553
0.0
0.0
0.0
0.0
0.0
0.0
0.0
70.22348000083765
0.0
0.0
0.0
0.0
0.0
0.0
0.0
0.0
0.0
0.0
0.0
0.0
0.0
0.0
0.0
0.0
0.0
0.0
0.0
0.0
0.0
0.0
0.0
0.0
0.0
0.0
0.0
0.0
123.27626006083618
0.0
0.0
0.0
0.0
0.0
0.0
0.0
0.0
0.0
0.0
0.0
0.0
0.0
0.0
213.30472039265138
0.0
0.0
0.0
0.0
0.0
0.0
138.48475502049342
0.0
0.0
0.0
0.0
0.0
0.0
0.0
0.0
0.0
0.0
0.0
0.0
113.7126642068987
96.9109229141643
0.0
0.0
0.0
0.0
96.09142279899221
0.0
0.0
0.0
0.0
0.0
306.9312654972283
0.0
0.0
0.0
70.97232099478829
0.0
0.0
0.0
0.0
0.0
0.0
0.0
0.0
0.0
0.0
0.0
0.0
117.16452205571784
140.3072000484382
0.0
0.0
0.0
146.7394940412316
0.0
0.0
0.0
0.0
186.0224076512868
61.41959609931181
0.0
0.0
0.0
0.0
312.66778612668566
0.0
0.0
0.0
0.0
0.0
0.0
0.0
65.77903199011189
0.0
0.0
0.0
0.0
0.0
0.0
0.0
0.0
0.0
0.0
0.0
0.0
0.0
0.0
67.9907785411997
0.0
0.0
0.0
0.0
0.0
0.0
0.0
0.0
0.0
0.0
0.0
0.0
1610.0584087253396
0.0
0.0
0.0
0.0
0.0
0.0
0.0
0.0
0.0
0.0
412.18674775893254
0.0
0.0
0.0
0.0
0.0
0.0
0.0
0.0
0.0
0.0
471.9171725907987
0.0
0.0
66.51393451957553
0.0
0.0
0.0
0.0
0.0
0.0
0.0
0.0
0.0
0.0
0.0
0.0
0.0
0.0
0.0
65.0464904969081
0.0
0.0
84.0444873545416
0.0
0.0
64.31632125202253
0.0
0.0
0.0
0.0
0.0
0.0
0.0
0.0
0.0
0.0
0.0
92.0242381186844
0.0
0.0
0.0
0.0
0.0
0.0
0.0
0.0
0.0
0.0
0.0
0.0
0.0
0.0
0.0
0.0
0.0
0.0
0.0
0.0
0.0
0.0
0.0
0.0
0.0
0.0
0.0
0.0
0.0
0.0
0.0
199.02390111664423
0.0
0.0
0.0
0.0
0.0
0.0
0.0
0.0
0.0
0.0
0.0
0.0
0.0
0.0
0.0
0.0
0.0
0.0
0.0
0.0
0.0
67.9907785411997
0.0
0.0
0.0
0.0
0.0
0.0
0.0
0.0
0.0
0.0
0.0
0.0
0.0
0.0
0.0
0.0
0.0
0.0
0.0
0.0
0.0
0.0
0.0
0.0
0.0
0.0
0.0
0.0
0.0
0.0
0.0
0.0
0.0
0.0
0.0
0.0
0.0
0.0
0.0
0.0
0.0
0.0
0.0
0.0
0.0
0.0
0.0
0.0
0.0
0.0
0.0
0.0
0.0
0.0
0.0
0.0
0.0
0.0
0.0
0.0
0.0
0.0
0.0
0.0
0.0
0.0
0.0
0.0
0.0
0.0
0.0
0.0
0.0
0.0
0.0
0.0
0.0
0.0
0.0
0.0
0.0
0.0
0.0
0.0
0.0
0.0
0.0
0.0
0.0
0.0
0.0
0.0
0.0
0.0
0.0
0.0
0.0
0.0
117.16452205571784
0.0
0.0
0.0
0.0
0.0
177.17151682071344
0.0
0.0
0.0
0.0
0.0
0.0
0.0
0.0
0.0
0.0
0.0
0.0
0.0
0.0
0.0
0.0
0.0
0.0
0.0
0.0
0.0
0.0
0.0
0.0
88.80731841535697
70.97232099478829
0.0
0.0
0.0
0.0
0.0
0.0
0.0
0.0
0.0
0.0
0.0
0.0
0.0
0.0
0.0
113.7126642068987
0.0
0.0
0.0
0.0
0.0
0.0
0.0
491.46325921437096
0.0
0.0
244.8440790590894
0.0
0.0
0.0
0.0
0.0
0.0
0.0
140.3072000484382
0.0
0.0
0.0
0.0
0.0
0.0
0.0
0.0
69.47693563439434
293.289605530533
0.0
0.0
0.0
0.0
0.0
0.0
0.0
0.0
0.0
0.0
0.0
0.0
77.81358095132374
259.9838383257808
0.0
0.0
178.14878621292027
0.0
0.0
0.0
0.0
0.0
966.9963966338867
0.0
0.0
70.97232099478829
0.0
0.0
0.0
0.0
0.0
0.0
0.0
0.0
0.0
0.0
1460.789120048539
0.0
0.0
0.0
0.0
0.0
0.0
0.0
0.0
0.0
0.0
0.0
160.79852496258334
0.0
0.0
220.5511486075653
0.0
0.0
0.0
150.45218397135073
0.0
0.0
0.0
0.0
0.0
88.00826757987764
0.0
0.0
450.04420766602044
598.0652082598323
0.0
0.0
0.0
0.0
0.0
0.0
0.0
0.0
0.0
0.0
0.0
0.0
0.0
0.0
0.0
0.0
0.0
0.0
0.0
0.0
0.0
0.0
0.0
0.0
0.0
0.0
0.0
0.0
0.0
0.0
0.0
0.0
89.60844873241507
0.0
0.0
0.0
0.0
0.0
0.0
189.00020677763158
0.0
0.0
0.0
0.0
277.60292298158964
0.0
0.0
0.0
0.0
0.0
0.0
0.0
0.0
0.0
0.0
0.0
133.9588827331867
261.075227991571
0.0
0.0
0.0
0.0
0.0
0.0
0.0
0.0
342.98453666527695
70.22348000083765
236.31151606196306
0.0
0.0
0.0
0.0
0.0
0.0
0.0
0.0
0.0
0.0
0.0
0.0
0.0
0.0
0.0
0.0
0.0
0.0
91.21691635035586
0.0
0.0
251.30044377314908
0.0
102.70314220765076
137.5761148835289
0.0
0.0
0.0
0.0
0.0
0.0
0.0
0.0
68.73269830288584
0.0
0.0
0.0
0.0
0.0
0.0
0.0
0.0
0.0
0.0
0.0
0.0
0.0
190.99296563279816
0.0
0.0
0.0
0.0
0.0
0.0
0.0
0.0
0.0
0.0
0.0
0.0
0.0
0.0
0.0
0.0
0.0
0.0
0.0
0.0
0.0
0.0
0.0
0.0
0.0
0.0
0.0
0.0
0.0
0.0
0.0
0.0
0.0
0.0
0.0
0.0
0.0
0.0
0.0
0.0
0.0
0.0
0.0
0.0
0.0
0.0
0.0
0.0
0.0
0.0
0.0
0.0
0.0
0.0
0.0
0.0
0.0
0.0
0.0
0.0
0.0
0.0
0.0
0.0
0.0
0.0
0.0
0.0
0.0
0.0
0.0
0.0
0.0
0.0
0.0
0.0
0.0
0.0
0.0
0.0
0.0
0.0
0.0
0.0
0.0
0.0
0.0
0.0
0.0
0.0
0.0
0.0
0.0
0.0
0.0
0.0
0.0
0.0
0.0
0.0
0.0
0.0
0.0
0.0
0.0
0.0
0.0
0.0
0.0
0.0
0.0
0.0
0.0
0.0
0.0
0.0
0.0
0.0
0.0
0.0
106.05615371278441
0.0
0.0
0.0
0.0
0.0
0.0
0.0
0.0
0.0
0.0
0.0
0.0
75.51302876639417
0.0
0.0
0.0
0.0
0.0
0.0
0.0
119.77285549789555
0.0
0.0
0.0
243.77274291887557
0.0
0.0
0.0
0.0
0.0
0.0
0.0
0.0
0.0
0.0
0.0
0.0
0.0
0.0
767.9660748578452
0.0
63.588535611461865
0.0
0.0
0.0
0.0
0.0
0.0
0.0
0.0
0.0
0.0
0.0
0.0
77.04451879489741
67.25118701424338
0.0
0.0
0.0
550.0935857846553
0.0
0.0
0.0
0.0
0.0
0.0
0.0
0.0
0.0
0.0
0.0
0.0
0.0
0.0
0.0
0.0
0.0
0.0
0.0
0.0
0.0
0.0
0.0
61.41959609931181
0.0
0.0
0.0
0.0
0.0
0.0
0.0
0.0
0.0
0.0
0.0
101.03834261270234
0.0
0.0
0.0
0.0
0.0
0.0
962.2199731934738
111.99794962077107
0.0
0.0
0.0
0.0
0.0
115.43487084898845
0.0
0.0
0.0
0.0
0.0
0.0
0.0
0.0
0.0
0.0
0.0
0.0
0.0
0.0
187.013490966806
0.0
0.0
0.0
0.0
0.0
0.0
0.0
0.0
0.0
0.0
0.0
0.0
0.0
0.0
0.0
0.0
0.0
0.0
136.66920272651086
0.0
0.0
0.0
0.0
0.0
0.0
0.0
0.0
70.97232099478829
0.0
0.0
278.7151239065997
0.0
0.0
0.0
0.0
0.0
222.63433665382956
0.0
0.0
143.05370845601726
965.4034974596249
0.0
0.0
0.0
0.0
0.0
0.0
0.0
0.0
0.0
0.0
0.0
0.0
0.0
0.0
0.0
0.0
0.0
153.25418691157674
0.0
0.0
0.0
0.0
0.0
0.0
0.0
0.0
0.0
0.0
0.0
0.0
0.0
0.0
0.0
0.0
0.0
0.0
0.0
0.0
0.0
0.0
0.0
0.0
0.0
0.0
0.0
0.0
0.0
0.0
0.0
0.0
0.0
0.0
0.0
0.0
0.0
0.0
0.0
0.0
0.0
0.0
0.0
0.0
0.0
0.0
0.0
0.0
0.0
0.0
0.0
0.0
0.0
0.0
0.0
0.0
0.0
0.0
0.0
0.0
0.0
0.0
0.0
0.0
0.0
0.0
0.0
0.0
0.0
0.0
0.0
0.0
0.0
0.0
0.0
0.0
0.0
0.0
0.0
0.0
0.0
0.0
0.0
0.0
0.0
0.0
0.0
0.0
0.0
0.0
0.0
0.0
0.0
0.0
0.0
0.0
0.0
0.0
0.0
0.0
0.0
0.0
0.0
0.0
0.0
0.0
0.0
0.0
0.0
0.0
0.0
0.0
0.0
0.0
0.0
0.0
0.0
0.0
0.0
0.0
0.0
0.0
0.0
0.0
0.0
0.0
0.0
0.0
0.0
0.0
0.0
0.0
0.0
0.0
0.0
0.0
0.0
0.0
0.0
0.0
0.0
0.0
0.0
0.0
0.0
0.0
0.0
0.0
0.0
0.0
0.0
0.0
0.0
0.0
0.0
0.0
0.0
0.0
0.0
0.0
0.0
0.0
0.0
0.0
0.0
0.0
0.0
0.0
0.0
67.25118701424338
0.0
0.0
0.0
0.0
0.0
0.0
0.0
0.0
0.0
0.0
0.0
0.0
0.0
0.0
0.0
0.0
0.0
0.0
0.0
0.0
125.92283909473238
0.0
0.0
0.0
0.0
0.0
0.0
0.0
0.0
0.0
73.9904474206146
0.0
0.0
0.0
0.0
0.0
0.0
0.0
0.0
0.0
0.0
0.0
0.0
0.0
0.0
0.0
0.0
67.25118701424338
0.0
201.04648010514552
120.64597217056769
0.0
0.0
0.0
0.0
0.0
0.0
0.0
0.0
0.0
0.0
0.0
0.0
0.0
0.0
0.0
1897.494669409549
0.0
0.0
0.0
354.85786081815564
0.0
0.0
0.0
0.0
0.0
0.0
273.1669811055284
448.76692293652303
0.0
0.0
77.04451879489741
0.0
0.0
0.0
0.0
0.0
0.0
0.0
0.0
0.0
0.0
0.0
0.0
0.0
0.0
80.1339251801899
0.0
0.0
0.0
0.0
0.0
0.0
0.0
0.0
0.0
0.0
161.74888962516405
0.0
0.0
0.0
0.0
0.0
0.0
0.0
0.0
0.0
0.0
0.0
0.0
0.0
0.0
342.98453666527695
0.0
0.0
184.04480727513584
0.0
0.0
0.0
0.0
0.0
0.0
248.0662017717079
0.0
0.0
0.0
0.0
0.0
0.0
0.0
0.0
0.0
0.0
0.0
0.0
221.5920364167866
0.0
0.0
0.0
0.0
0.0
0.0
0.0
0.0
0.0
0.0
0.0
0.0
0.0
0.0
0.0
0.0
168.44640130797606
0.0
0.0
0.0
93.64501932291157
0.0
0.0
0.0
0.0
0.0
392.3935648954605
325.3952490020996
0.0
0.0
0.0
0.0
0.0
0.0
0.0
0.0
0.0
0.0
0.0
0.0
0.0
0.0
0.0
0.0
0.0
0.0
0.0
0.0
0.0
0.0
0.0
66.51393451957553
0.0
0.0
0.0
0.0
0.0
0.0
0.0
0.0
0.0
0.0
0.0
0.0
0.0
0.0
0.0
0.0
0.0
0.0
0.0
0.0
0.0
0.0
0.0
0.0
0.0
139.39511833203025
147.6651554298225
0.0
0.0
0.0
0.0
0.0
0.0
0.0
0.0
0.0
0.0
68.73269830288584
0.0
0.0
0.0
0.0
0.0
0.0
0.0
0.0
0.0
0.0
0.0
0.0
0.0
0.0
0.0
0.0
0.0
0.0
0.0
0.0
0.0
0.0
0.0
0.0
0.0
0.0
0.0
0.0
0.0
0.0
0.0
0.0
0.0
0.0
0.0
0.0
0.0
0.0
0.0
0.0
0.0
0.0
0.0
0.0
0.0
0.0
0.0
0.0
0.0
0.0
0.0
0.0
0.0
0.0
0.0
0.0
0.0
0.0
0.0
0.0
0.0
0.0
0.0
0.0
0.0
0.0
0.0
0.0
0.0
0.0
0.0
0.0
0.0
0.0
0.0
0.0
0.0
0.0
0.0
0.0
0.0
0.0
0.0
0.0
0.0
0.0
0.0
0.0
0.0
0.0
0.0
0.0
0.0
0.0
0.0
0.0
0.0
0.0
0.0
0.0
0.0
0.0
0.0
0.0
0.0
0.0
0.0
0.0
0.0
0.0
0.0
0.0
0.0
0.0
0.0
0.0
0.0
0.0
0.0
0.0
0.0
0.0
0.0
0.0
0.0
0.0
0.0
0.0
0.0
171.34063361828962
0.0
0.0
0.0
0.0
0.0
0.0
0.0
0.0
0.0
0.0
0.0
0.0
0.0
0.0
0.0
0.0
62.86314507821268
0.0
0.0
0.0
0.0
183.05829710673498
0.0
0.0
0.0
0.0
0.0
0.0
1729.422205241037
0.0
0.0
0.0
0.0
0.0
0.0
0.0
88.00826757987764
0.0
0.0
96.9109229141643
0.0
0.0
0.0
0.0
0.0
0.0
0.0
0.0
0.0
0.0
0.0
0.0
0.0
0.0
0.0
0.0
0.0
0.0
0.0
0.0
0.0
70.22348000083765
0.0
82.47381693137869
0.0
70.22348000083765
0.0
0.0
0.0
0.0
0.0
79.35829324927269
0.0
0.0
0.0
0.0
114.57283400813894
142.13649979286237
0.0
0.0
0.0
0.0
0.0
0.0
0.0
261.075227991571
85.62367203780953
0.0
0.0
0.0
0.0
152.31852934721465
242.70276334060796
0.0
0.0
88.00826757987764
382.6030820630282
0.0
0.0
0.0
0.0
0.0
215.36799507292613
0.0
0.0
0.0
0.0
0.0
0.0
0.0
0.0
0.0
811.5475745822507
0.0
0.0
0.0
0.0
0.0
0.0
0.0
0.0
0.0
0.0
0.0
0.0
0.0
0.0
0.0
0.0
0.0
243.77274291887557
0.0
0.0
0.0
0.0
0.0
92.0242381186844
0.0
0.0
0.0
254.54673883283863
0.0
0.0
0.0
0.0
0.0
0.0
0.0
0.0
0.0
0.0
0.0
0.0
0.0
0.0
0.0
0.0
0.0
0.0
0.0
0.0
134.86058175480127
0.0
0.0
0.0
0.0
0.0
64.31632125202253
0.0
0.0
0.0
0.0
0.0
0.0
0.0
79.35829324927269
423.4429930736699
168.44640130797606
0.0
0.0
0.0
900.7533316842394
0.0
0.0
0.0
0.0
0.0
0.0
0.0
0.0
264.3572943495172
113.7126642068987
0.0
0.0
0.0
0.0
0.0
0.0
0.0
0.0
0.0
0.0
0.0
0.0
0.0
0.0
0.0
0.0
0.0
0.0
0.0
0.0
0.0
0.0
0.0
0.0
0.0
0.0
0.0
0.0
0.0
722.1559149404268
0.0
0.0
0.0
0.0
0.0
0.0
0.0
0.0
0.0
0.0
0.0
0.0
0.0
0.0
0.0
0.0
0.0
0.0
0.0
0.0
0.0
0.0
0.0
0.0
61.41959609931181
0.0
0.0
0.0
0.0
0.0
0.0
0.0
0.0
0.0
0.0
0.0
0.0
0.0
0.0
0.0
0.0
0.0
0.0
0.0
0.0
0.0
0.0
0.0
0.0
0.0
0.0
0.0
0.0
0.0
0.0
0.0
0.0
0.0
0.0
0.0
0.0
0.0
0.0
0.0
0.0
0.0
0.0
0.0
0.0
0.0
0.0
0.0
0.0
0.0
0.0
0.0
0.0
0.0
0.0
0.0
0.0
0.0
0.0
0.0
0.0
0.0
0.0
0.0
0.0
0.0
0.0
0.0
0.0
0.0
0.0
0.0
0.0
0.0
0.0
0.0
0.0
0.0
0.0
0.0
0.0
0.0
0.0
0.0
0.0
0.0
0.0
0.0
0.0
0.0
0.0
0.0
0.0
0.0
0.0
0.0
0.0
0.0
0.0
0.0
0.0
0.0
0.0
0.0
0.0
0.0
0.0
0.0
0.0
0.0
0.0
0.0
0.0
0.0
0.0
0.0
0.0
0.0
0.0
0.0
0.0
0.0
0.0
0.0
0.0
0.0
0.0
0.0
0.0
0.0
0.0
0.0
0.0
0.0
0.0
0.0
0.0
0.0
0.0
0.0
0.0
0.0
0.0
0.0
0.0
0.0
0.0
0.0
173.27800198808703
0.0
0.0
0.0
0.0
0.0
0.0
0.0
0.0
0.0
0.0
0.0
316.12436568513596
0.0
0.0
61.41959609931181
0.0
0.0
0.0
0.0
0.0
252.38120614040213
0.0
0.0
0.0
0.0
0.0
0.0
0.0
0.0
0.0
0.0
0.0
257.80502168208847
0.0
0.0
0.0
0.0
0.0
193.99337618634175
0.0
0.0
0.0
0.0
0.0
0.0
269.85359121180846
0.0
0.0
0.0
0.0
0.0
0.0
0.0
0.0
0.0
0.0
0.0
364.43992985877105
0.0
0.0
0.0
0.0
0.0
0.0
216.40177819777767
775.4304930443508
1606.3681809365464
0.0
0.0
0.0
0.0
183.05829710673498
0.0
0.0
0.0
0.0
0.0
0.0
0.0
0.0
0.0
0.0
0.0
0.0
0.0
104.37576366568376
156.07104780996562
0.0
317.2789920226458
0.0
0.0
0.0
0.0
0.0
0.0
0.0
0.0
0.0
0.0
0.0
0.0
0.0
73.9904474206146
0.0
0.0
0.0
0.0
114.57283400813894
0.0
0.0
0.0
0.0
0.0
80.1339251801899
0.0
0.0
0.0
0.0
0.0
0.0
223.67804651759957
0.0
0.0
0.0
0.0
0.0
0.0
0.0
0.0
0.0
0.0
0.0
0.0
136.66920272651086
0.0
0.0
0.0
0.0
0.0
0.0
0.0
0.0
0.0
0.0
429.7341153398723
0.0
0.0
0.0
0.0
0.0
593.9082431339018
179.12760462706487
0.0
0.0
0.0
0.0
0.0
368.0521319379353
0.0
0.0
0.0
117.16452205571784
0.0
0.0
0.0
0.0
89.60844873241507
92.0242381186844
0.0
0.0
0.0
0.0
0.0
0.0
0.0
0.0
0.0
0.0
0.0
0.0
0.0
0.0
0.0
0.0
0.0
0.0
0.0
0.0
153.25418691157674
439.8553421500077
0.0
0.0
0.0
0.0
0.0
0.0
0.0
0.0
0.0
0.0
0.0
0.0
0.0
0.0
0.0
0.0
0.0
0.0
0.0
0.0
0.0
0.0
0.0
0.0
0.0
0.0
0.0
0.0
0.0
0.0
0.0
0.0
0.0
0.0
0.0
0.0
0.0
0.0
0.0
0.0
0.0
0.0
0.0
0.0
0.0
0.0
0.0
0.0
0.0
0.0
0.0
0.0
0.0
0.0
0.0
0.0
0.0
0.0
0.0
0.0
0.0
0.0
0.0
0.0
0.0
0.0
0.0
0.0
0.0
0.0
0.0
0.0
77.81358095132374
0.0
0.0
0.0
0.0
0.0
0.0
0.0
0.0
0.0
0.0
0.0
0.0
0.0
0.0
0.0
0.0
0.0
0.0
0.0
0.0
0.0
0.0
0.0
0.0
0.0
0.0
0.0
0.0
0.0
0.0
0.0
0.0
0.0
0.0
0.0
62.86314507821268
0.0
89.60844873241507
0.0
0.0
0.0
0.0
0.0
0.0
0.0
0.0
0.0
0.0
0.0
0.0
0.0
0.0
0.0
0.0
0.0
0.0
0.0
0.0
0.0
0.0
102.70314220765076
100.2088929322422
0.0
0.0
0.0
0.0
0.0
0.0
0.0
0.0
0.0
0.0
0.0
0.0
0.0
0.0
0.0
0.0
0.0
0.0
0.0
0.0
0.0
0.0
0.0
0.0
0.0
0.0
0.0
70.97232099478829
0.0
0.0
0.0
0.0
0.0
0.0
0.0
0.0
0.0
0.0
109.44003126082971
0.0
0.0
0.0
0.0
88.80731841535697
0.0
0.0
0.0
0.0
0.0
0.0
0.0
0.0
0.0
0.0
0.0
0.0
0.0
0.0
457.72985178051664
0.0
0.0
0.0
0.0
0.0
0.0
136.66920272651086
0.0
0.0
0.0
0.0
73.9904474206146
0.0
0.0
0.0
0.0
0.0
0.0
84.83301962103951
0.0
0.0
0.0
0.0
0.0
0.0
363.23814908698733
0.0
0.0
0.0
0.0
0.0
0.0
0.0
0.0
0.0
0.0
0.0
0.0
0.0
0.0
0.0
0.0
0.0
0.0
0.0
0.0
0.0
2309.9572691637
0.0
178.14878621292027
0.0
0.0
0.0
772.442226625195
62.140161305362255
0.0
0.0
0.0
0.0
0.0
0.0
0.0
0.0
0.0
0.0
0.0
0.0
0.0
0.0
0.0
0.0
0.0
0.0
0.0
0.0
0.0
0.0
0.0
0.0
0.0
0.0
0.0
0.0
0.0
0.0
0.0
0.0
0.0
0.0
0.0
0.0
0.0
0.0
0.0
0.0
0.0
0.0
0.0
0.0
0.0
0.0
0.0
0.0
0.0
0.0
0.0
0.0
0.0
0.0
0.0
0.0
0.0
0.0
0.0
0.0
0.0
0.0
0.0
0.0
0.0
0.0
0.0
0.0
0.0
0.0
0.0
0.0
0.0
0.0
0.0
0.0
0.0
0.0
0.0
0.0
0.0
0.0
0.0
0.0
0.0
0.0
70.97232099478829
0.0
0.0
0.0
0.0
0.0
0.0
0.0
0.0
0.0
0.0
0.0
0.0
0.0
0.0
0.0
0.0
0.0
0.0
0.0
0.0
0.0
0.0
0.0
0.0
0.0
0.0
0.0
233.13441356412758
287.65869685896337
172.30853229371516
117.16452205571784
345.34986283031986
0.0
0.0
0.0
0.0
0.0
0.0
0.0
0.0
61.41959609931181
381.3843006849433
76.27766494499416
0.0
0.0
0.0
0.0
0.0
0.0
0.0
0.0
0.0
0.0
0.0
0.0
0.0
0.0
0.0
0.0
0.0
0.0
0.0
0.0
0.0
0.0
0.0
0.0
0.0
0.0
0.0
0.0
0.0
0.0
0.0
0.0
0.0
0.0
0.0
0.0
0.0
0.0
0.0
0.0
0.0
0.0
0.0
0.0
0.0
0.0
0.0
0.0
0.0
0.0
0.0
0.0
0.0
0.0
0.0
0.0
0.0
0.0
0.0
0.0
0.0
0.0
0.0
0.0
0.0
0.0
0.0
0.0
0.0
0.0
0.0
0.0
0.0
0.0
0.0
0.0
0.0
0.0
0.0
0.0
0.0
0.0
0.0
0.0
0.0
0.0
0.0
0.0
0.0
0.0
153.25418691157674
0.0
0.0
0.0
0.0
0.0
0.0
0.0
0.0
0.0
0.0
0.0
0.0
0.0
162.7008679038305
0.0
0.0
0.0
0.0
0.0
0.0
0.0
0.0
0.0
0.0
0.0
0.0
0.0
0.0
0.0
0.0
0.0
0.0
0.0
85.62367203780953
0.0
0.0
0.0
0.0
0.0
0.0
0.0
0.0
0.0
0.0
0.0
0.0
0.0
0.0
0.0
0.0
185.03284527550724
0.0
0.0
0.0
0.0
0.0
65.77903199011189
0.0
0.0
959.039484571086
617.5744197959505
0.0
0.0
0.0
0.0
0.0
0.0
208.17170471128512
0.0
0.0
0.0
0.0
0.0
0.0
0.0
0.0
148.59249383277495
0.0
0.0
0.0
0.0
0.0
0.0
0.0
664.2661967010091
0.0
0.0
168.44640130797606
0.0
0.0
0.0
0.0
313.8187608525452
0.0
0.0
0.0
0.0
0.0
0.0
0.0
0.0
0.0
117.16452205571784
0.0
0.0
0.0
0.0
0.0
0.0
0.0
0.0
0.0
0.0
0.0
0.0
0.0
674.2957941831297
100.2088929322422
0.0
0.0
0.0
143.97261679349788
0.0
0.0
0.0
0.0
108.59119071187175
172.30853229371516
0.0
0.0
0.0
0.0
0.0
0.0
0.0
0.0
0.0
0.0
0.0
0.0
0.0
67.25118701424338
0.0
0.0
0.0
0.0
134.86058175480127
0.0
1059.0276356390737
61.41959609931181
125.92283909473238
0.0
0.0
0.0
0.0
0.0
245.91676924706044
0.0
0.0
191.99160282908838
0.0
0.0
0.0
0.0
0.0
0.0
0.0
0.0
0.0
0.0
0.0
243.77274291887557
0.0
0.0
0.0
0.0
0.0
92.0242381186844
0.0
0.0
0.0
254.54673883283863
0.0
0.0
0.0
0.0
0.0
0.0
0.0
0.0
0.0
0.0
0.0
0.0
0.0
0.0
0.0
0.0
0.0
0.0
0.0
0.0
134.86058175480127
0.0
482.31328081635934
0.0
418.4294187905444
0.0
0.0
0.0
0.0
0.0
0.0
443.66827570391746
0.0
0.0
0.0
0.0
0.0
0.0
0.0
0.0
84.0444873545416
92.0242381186844
0.0
0.0
0.0
61.41959609931181
1260.4183016028637
0.0
0.0
191.99160282908838
0.0
0.0
0.0
0.0
0.0
1141.7097149970439
914.8337986806042
0.0
0.0
0.0
0.0
0.0
0.0
321.9096132354728
92.0242381186844
92.0242381186844
0.0
0.0
0.0
143.97261679349788
0.0
0.0
0.0
0.0
0.0
0.0
0.0
0.0
0.0
0.0
0.0
0.0
0.0
0.0
0.0
0.0
0.0
0.0
0.0
0.0
0.0
0.0
0.0
0.0
68.73269830288584
0.0
0.0
0.0
0.0
0.0
0.0
0.0
0.0
0.0
0.0
0.0
0.0
0.0
0.0
0.0
0.0
0.0
0.0
0.0
0.0
0.0
0.0
0.0
0.0
0.0
0.0
0.0
0.0
0.0
0.0
0.0
0.0
0.0
0.0
0.0
0.0
0.0
0.0
0.0
0.0
0.0
0.0
0.0
0.0
0.0
0.0
0.0
0.0
0.0
0.0
0.0
0.0
0.0
0.0
0.0
0.0
0.0
0.0
0.0
0.0
0.0
0.0
0.0
0.0
0.0
0.0
0.0
0.0
0.0
0.0
0.0
0.0
0.0
0.0
0.0
0.0
0.0
0.0
0.0
0.0
0.0
0.0
0.0
0.0
0.0
0.0
0.0
0.0
0.0
0.0
0.0
0.0
0.0
0.0
0.0
0.0
0.0
0.0
0.0
0.0
0.0
0.0
0.0
0.0
0.0
0.0
0.0
0.0
0.0
0.0
0.0
0.0
0.0
0.0
0.0
0.0
0.0
0.0
0.0
0.0
0.0
0.0
0.0
0.0
0.0
0.0
0.0
0.0
0.0
0.0
0.0
0.0
0.0
0.0
0.0
0.0
0.0
0.0
0.0
0.0
0.0
0.0
0.0
0.0
0.0
0.0
0.0
0.0
0.0
0.0
0.0
0.0
0.0
0.0
0.0
0.0
0.0
0.0
0.0
0.0
0.0
0.0
0.0
62.86314507821268
77.81358095132374
0.0
0.0
0.0
0.0
0.0
0.0
0.0
0.0
0.0
304.64525786419466
461.58671944271777
0.0
0.0
0.0
0.0
0.0
0.0
0.0
0.0
0.0
0.0
0.0
0.0
0.0
0.0
0.0
2171.895765745355
0.0
0.0
0.0
66.51393451957553
0.0
0.0
0.0
0.0
0.0
0.0
0.0
0.0
0.0
0.0
0.0
0.0
0.0
0.0
0.0
0.0
0.0
0.0
0.0
166.52483755920062
0.0
0.0
246.9908109810575
634.4395160347927
0.0
0.0
0.0
0.0
0.0
0.0
0.0
0.0
0.0
0.0
233.13441356412758
0.0
0.0
0.0
203.07494622776267
143.97261679349788
0.0
0.0
0.0
0.0
0.0
0.0
0.0
143.05370845601726
0.0
0.0
0.0
0.0
0.0
0.0
0.0
0.0
0.0
0.0
0.0
0.0
0.0
0.0
0.0
0.0
0.0
0.0
194.99650577664923
0.0
0.0
0.0
0.0
97.73242709481174
0.0
0.0
0.0
0.0
0.0
0.0
0.0
0.0
0.0
0.0
0.0
0.0
0.0
0.0
0.0
334.7429700281292
89.60844873241507
0.0
0.0
0.0
0.0
0.0
0.0
0.0
508.5868744566719
0.0
0.0
0.0
0.0
0.0
139.39511833203025
127.69620363808968
0.0
0.0
0.0
0.0
0.0
0.0
0.0
0.0
0.0
0.0
0.0
0.0
857.3535897207624
0.0
0.0
0.0
0.0
145.8155141341232
0.0
0.0
0.0
0.0
0.0
0.0
0.0
0.0
0.0
0.0
0.0
0.0
0.0
0.0
0.0
0.0
0.0
0.0
0.0
0.0
0.0
0.0
0.0
0.0
0.0
0.0
0.0
0.0
0.0
0.0
0.0
0.0
0.0
0.0
0.0
0.0
0.0
0.0
0.0
0.0
0.0
95.27393396182191
0.0
0.0
0.0
0.0
0.0
0.0
0.0
0.0
0.0
0.0
0.0
0.0
0.0
0.0
0.0
0.0
0.0
0.0
0.0
0.0
0.0
0.0
0.0
0.0
0.0
0.0
0.0
0.0
0.0
0.0
0.0
0.0
0.0
0.0
0.0
0.0
0.0
0.0
0.0
0.0
0.0
0.0
0.0
0.0
0.0
0.0
0.0
0.0
0.0
0.0
0.0
0.0
0.0
0.0
0.0
0.0
0.0
0.0
0.0
0.0
0.0
0.0
0.0
0.0
0.0
0.0
0.0
0.0
0.0
0.0
0.0
0.0
0.0
0.0
0.0
0.0
0.0
0.0
0.0
0.0
0.0
0.0
0.0
0.0
0.0
0.0
0.0
0.0
0.0
0.0
0.0
0.0
0.0
0.0
0.0
0.0
0.0
0.0
0.0
0.0
0.0
0.0
0.0
0.0
0.0
0.0
0.0
0.0
0.0
0.0
0.0
0.0
0.0
0.0
0.0
0.0
0.0
0.0
0.0
0.0
0.0
0.0
0.0
0.0
0.0
0.0
0.0
0.0
0.0
0.0
0.0
0.0
0.0
0.0
202.05997884064874
67.9907785411997
0.0
0.0
0.0
0.0
0.0
0.0
0.0
96.09142279899221
91.21691635035586
0.0
0.0
0.0
0.0
0.0
0.0
0.0
0.0
170.37430970997372
0.0
0.0
0.0
0.0
163.65445579779006
0.0
0.0
0.0
0.0
0.0
0.0
0.0
0.0
0.0
0.0
0.0
0.0
0.0
0.0
0.0
0.0
0.0
0.0
0.0
0.0
0.0
0.0
0.0
0.0
0.0
0.0
0.0
0.0
0.0
0.0
0.0
0.0
0.0
0.0
0.0
0.0
0.0
0.0
0.0
0.0
0.0
0.0
0.0
0.0
0.0
0.0
0.0
0.0
0.0
0.0
0.0
217.43698798323413
0.0
0.0
0.0
0.0
0.0
209.19541931510335
0.0
0.0
0.0
0.0
0.0
0.0
0.0
0.0
0.0
0.0
177.17151682071344
106.05615371278441
0.0
0.0
0.0
0.0
1062.3003264988668
0.0
0.0
0.0
0.0
0.0
0.0
0.0
0.0
0.0
90.41165064590365
0.0
0.0
0.0
189.00020677763158
0.0
0.0
0.0
0.0
0.0
0.0
0.0
0.0
0.0
0.0
85.62367203780953
164.60964933274354
0.0
0.0
0.0
0.0
0.0
0.0
211.24718727635167
0.0
0.0
0.0
0.0
0.0
0.0
0.0
0.0
0.0
0.0
0.0
0.0
0.0
0.0
0.0
0.0
0.0
0.0
0.0
0.0
0.0
0.0
0.0
0.0
0.0
0.0
0.0
1366.574914283052
0.0
0.0
0.0
0.0
0.0
0.0
0.0
0.0
0.0
0.0
344.16661354695384
0.0
0.0
0.0
0.0
0.0
0.0
0.0
123.27626006083618
0.0
62.86314507821268
0.0
0.0
0.0
0.0
0.0
0.0
0.0
0.0
0.0
0.0
0.0
0.0
0.0
0.0
0.0
0.0
1765.3285918357874
0.0
499.34543990620136
1222.745909054481
0.0
102.70314220765076
106.89924557296034
0.0
0.0
0.0
0.0
0.0
0.0
0.0
0.0
0.0
192.99174077860067
164.60964933274354
0.0
0.0
64.31632125202253
0.0
0.0
0.0
0.0
0.0
0.0
0.0
0.0
0.0
0.0
0.0
0.0
0.0
0.0
0.0
0.0
0.0
0.0
0.0
0.0
0.0
0.0
0.0
0.0
0.0
0.0
0.0
0.0
0.0
73.23252152748012
0.0
0.0
0.0
0.0
0.0
0.0
0.0
0.0
0.0
0.0
0.0
0.0
0.0
0.0
0.0
0.0
0.0
0.0
0.0
0.0
0.0
0.0
0.0
0.0
0.0
0.0
0.0
0.0
0.0
0.0
0.0
0.0
0.0
0.0
0.0
0.0
0.0
0.0
0.0
0.0
0.0
0.0
138.48475502049342
0.0
70.22348000083765
0.0
0.0
0.0
0.0
0.0
0.0
0.0
0.0
0.0
0.0
0.0
0.0
0.0
0.0
0.0
0.0
0.0
0.0
0.0
0.0
0.0
0.0
0.0
0.0
0.0
0.0
0.0
0.0
0.0
0.0
0.0
0.0
0.0
0.0
0.0
0.0
0.0
103.53847855629323
0.0
0.0
0.0
0.0
0.0
0.0
0.0
0.0
0.0
0.0
0.0
0.0
0.0
0.0
0.0
0.0
0.0
0.0
0.0
0.0
0.0
0.0
0.0
0.0
0.0
0.0
0.0
0.0
0.0
0.0
0.0
0.0
0.0
0.0
0.0
0.0
0.0
0.0
0.0
0.0
243.77274291887557
0.0
0.0
0.0
0.0
0.0
0.0
0.0
0.0
0.0
0.0
0.0
0.0
0.0
0.0
0.0
0.0
0.0
0.0
0.0
0.0
0.0
0.0
0.0
0.0
0.0
0.0
0.0
0.0
0.0
0.0
0.0
0.0
0.0
0.0
0.0
0.0
0.0
0.0
0.0
0.0
0.0
0.0
146.7394940412316
0.0
0.0
0.0
84.0444873545416
0.0
0.0
0.0
0.0
0.0
0.0
0.0
0.0
0.0
0.0
189.00020677763158
0.0
167.4848244320347
0.0
0.0
0.0
0.0
0.0
0.0
0.0
0.0
0.0
0.0
0.0
0.0
65.0464904969081
0.0
0.0
2622.9880157884954
0.0
0.0
0.0
0.0
0.0
504.62027438574825
0.0
0.0
257.80502168208847
0.0
0.0
0.0
0.0
0.0
0.0
565.04544705492
0.0
0.0
0.0
0.0
101.86976130929332
0.0
0.0
72.47685185792717
0.0
0.0
0.0
0.0
0.0
0.0
0.0
0.0
0.0
779.9191269424018
770.9493423060543
63.588535611461865
121.5209155312867
0.0
0.0
78.58484215480524
0.0
0.0
0.0
0.0
63.588535611461865
0.0
0.0
0.0
0.0
0.0
0.0
0.0
0.0
0.0
0.0
0.0
566.4104302585479
241.63414285103534
0.0
0.0
0.0
0.0
134.86058175480127
0.0
0.0
0.0
0.0
0.0
0.0
261.075227991571
0.0
0.0
0.0
0.0
0.0
0.0
0.0
0.0
0.0
0.0
0.0
0.0
0.0
0.0
0.0
0.0
0.0
0.0
0.0
0.0
0.0
0.0
0.0
0.0
0.0
0.0
0.0
0.0
0.0
0.0
0.0
0.0
0.0
0.0
0.0
0.0
0.0
0.0
0.0
0.0
0.0
0.0
0.0
65.0464904969081
0.0
0.0
0.0
0.0
0.0
0.0
0.0
0.0
0.0
0.0
0.0
99.38141914611907
0.0
0.0
0.0
0.0
0.0
0.0
0.0
0.0
0.0
0.0
0.0
0.0
0.0
0.0
0.0
0.0
0.0
0.0
0.0
0.0
0.0
0.0
0.0
0.0
0.0
0.0
0.0
0.0
0.0
0.0
0.0
0.0
0.0
0.0
0.0
0.0
0.0
0.0
0.0
0.0
0.0
0.0
0.0
0.0
0.0
0.0
0.0
0.0
0.0
0.0
0.0
0.0
0.0
0.0
0.0
0.0
0.0
0.0
0.0
0.0
0.0
0.0
0.0
0.0
0.0
0.0
0.0
0.0
0.0
0.0
0.0
0.0
0.0
0.0
0.0
0.0
0.0
0.0
0.0
0.0
0.0
0.0
0.0
0.0
0.0
0.0
0.0
0.0
0.0
0.0
0.0
0.0
0.0
0.0
0.0
0.0
0.0
0.0
0.0
0.0
0.0
0.0
0.0
0.0
0.0
0.0
0.0
0.0
0.0
0.0
0.0
0.0
0.0
0.0
0.0
0.0
0.0
0.0
0.0
0.0
0.0
0.0
0.0
0.0
0.0
0.0
0.0
0.0
0.0
0.0
0.0
0.0
0.0
0.0
0.0
0.0
0.0
0.0
0.0
0.0
0.0
0.0
0.0
0.0
0.0
0.0
0.0
0.0
0.0
0.0
0.0
0.0
0.0
89.60844873241507
71.72344833378858
0.0
0.0
0.0
0.0
0.0
0.0
0.0
0.0
0.0
0.0
366.846922875419
0.0
0.0
0.0
0.0
0.0
0.0
0.0
128.585563530267
0.0
0.0
0.0
0.0
0.0
0.0
0.0
0.0
0.0
0.0
0.0
0.0
0.0
0.0
0.0
0.0
470.62226291688467
0.0
0.0
0.0
0.0
0.0
0.0
0.0
0.0
0.0
0.0
79.35829324927269
0.0
0.0
0.0
0.0
0.0
0.0
0.0
113.7126642068987
141.22099543526036
83.25808363064692
0.0
0.0
0.0
0.0
0.0
0.0
0.0
0.0
0.0
0.0
86.41643630067945
0.0
0.0
0.0
0.0
0.0
0.0
0.0
0.0
0.0
0.0
0.0
0.0
0.0
82.47381693137869
0.0
0.0
0.0
0.0
0.0
0.0
0.0
523.207380386367
1385.9793989023856
0.0
0.0
0.0
0.0
0.0
0.0
0.0
0.0
0.0
0.0
0.0
0.0
0.0
240.56688398956808
0.0
0.0
0.0
0.0
265.45394120461356
85.62367203780953
741.2676093496975
358.4425016501781
265.45394120461356
0.0
0.0
0.0
0.0
0.0
0.0
0.0
0.0
0.0
0.0
0.0
0.0
0.0
0.0
0.0
73.23252152748012
0.0
0.0
0.0
0.0
0.0
0.0
0.0
0.0
0.0
0.0
0.0
311.5180323870268
218.47362155198692
0.0
0.0
0.0
0.0
0.0
0.0
0.0
0.0
0.0
0.0
0.0
0.0
0.0
0.0
0.0
0.0
0.0
0.0
0.0
0.0
0.0
0.0
0.0
0.0
0.0
0.0
0.0
0.0
0.0
0.0
0.0
0.0
0.0
0.0
0.0
0.0
0.0
0.0
0.0
0.0
0.0
0.0
0.0
0.0
0.0
0.0
0.0
0.0
0.0
0.0
0.0
0.0
0.0
0.0
0.0
0.0
0.0
0.0
0.0
0.0
0.0
0.0
0.0
0.0
0.0
0.0
0.0
0.0
0.0
0.0
0.0
0.0
0.0
0.0
0.0
0.0
0.0
0.0
0.0
0.0
0.0
0.0
0.0
0.0
0.0
0.0
0.0
0.0
0.0
0.0
0.0
0.0
0.0
0.0
0.0
0.0
0.0
0.0
0.0
0.0
0.0
0.0
0.0
0.0
0.0
0.0
0.0
0.0
0.0
0.0
0.0
0.0
0.0
0.0
0.0
0.0
0.0
0.0
0.0
0.0
0.0
0.0
0.0
0.0
0.0
0.0
0.0
0.0
0.0
0.0
0.0
0.0
0.0
0.0
0.0
0.0
0.0
0.0
0.0
0.0
0.0
0.0
0.0
0.0
