20100101
0
0
0
0
7.1
0
0
0
0
0
0
0
0
0
0
0
0
0
0
0
5.4
0
0
0
0
0
0
0
0
0
5.6
0
0
0
0
0
0
0
0
0
0
0.4
0
0
0
0
0
0
1.5
0
0
0
0
0
0
12
0.2
0
0
0
0
0
0
0
0
0.4
7.3
0
0
0
0
0
2
12.7
0.3
0
0
0
0
0
0.6
13.2
8.3
0
0
0.4
0
2.4
1.1
0
7.3
6.4
0
0
0
11.6
8
0.3
0
0
1.7
0
0
1.2
0
0
0
0.3
0
1
19.7
2.8
0
0
0.9
0
0
0
0
0
0
0
5.7
1.7
0
29.1
4.8
0.1
0
0.3
0
1.2
21.4
0
0.5
0
0.3
0
9.7
0.4
6
4.2
0
0
0
18.6
16.6
0
0
0
1.5
16.5
0
0
0
0
4.4
37.7
4.5
0
0
13.3
0.7
0.3
0
0
0
0
0
0
0
8
0
0
19
21.6
1
0.3
10.7
22.3
0.1
0
0
1.3
26.4
12
0
0
0
0.6
38.2
3.3
0
7.2
0
0
0
0
12.6
5.1
0
0.1
0
3.4
0
1
0
0
0
0
0
0.6
5
12.9
0
0
0
0
0
2.5
0
0
0
0
0
0
122.6
0
0
0
0
0
0
3.1
2
5.7
3.7
46.5
0.2
0
0
0
0.1
0.1
1.3
0
0
2
51.2
0
0
12.7
10.9
0
0
0
2.9
0
0
0
0
0
0
0
0
0
0
12.5
1.5
1.3
15
0.1
3.3
12.4
0
0
0
0
0
0
0
0
5.8
0.2
1.7
16
9.1
0
0
0
0
0
0
0
0
0
0.5
5.6
3.4
1.6
0
0
0
0
0
1.2
0.2
0
0
0
0
0
0
0
3
0
0.3
27.7
5.8
0
0
0
0
0
0
0
0
0
0
0
0.3
1.8
0
0
0
0
0
0
0
12.9
0
0
0
0
0
0
0
0
4.6
0
0
0
0
0
0
0
1.3
5
0.7
0
0
0
0.4
2.8
0
0.1
0
0
0
0
0
0
0
0
0
0
0
0
3.9
0
0
0.3
1.1
0.9
1.8
0
0.2
0
0
0
0
0
0
0
0
0
0
0
0
0
0
0
0
0
4.4
4.4
0
1.5
0
0
0
0
0
0
0.2
0
0
0
0
0
0
0
0
0
0
0
0
0
0
0
0
0
0
0
0.2
0
0
9.8
19
0
0
0
0
2.7
25.5
6.3
0
0
0
0
0
0
0
0
0
0
10.4
5.5
0
0
0
0
0
0
0
0.8
0
0
0
15.6
13.3
0.1
0
0
0
5.6
0
0
1.7
0
0
0
0
0
0
0
18.6
0
0
0
0
0
0
0
52.7
1.1
2
32.1
5.1
3.4
0
0
0
0
0
21.6
10.9
0
0
0
0
0
0
0
13.1
36.5
0
0
0.4
0.4
0.2
0.6
0
0
0.2
0.1
2
0
14.2
33.5
0
0
25.6
0.5
0
0
0
6
85.3
0
0
13.3
0
0
0
0
0
0
0
0
0
0
114.4
0
0
0
1.7
1.3
9.7
0
0
0
0
0.1
23.8
0
0
29.8
0
5.8
0
22.7
0
0
0
0
0
15.5
1.8
0
49.5
60.6
0
0
0
0
0
0
0
0
0
0
0
0
0
0
0
0
3.4
4.3
0
0
0
0
0
0
0
0
0
0
0
0
0
0
15.7
5.2
5.5
0.2
0
0
0
26.7
0
0.9
0
0.6
35.1
5.4
2.7
0
0
0
0
0
0
0.8
8.7
0.7
20.9
33.6
1.7
0
0
0
0
0
0
5.7
40.8
13.2
31.3
0.1
0
0
0
0
6.2
0.7
0
5.5
10.3
5
0
1.7
2.6
1.6
0
0
0
15.9
0.3
2.9
32.7
0
17.3
21.3
1.5
0
0
0
0
1.1
1.4
8.7
13
11.7
0.1
0
0
0
0
0
0
0
0
0
0
0.7
26.9
1.8
0
0
0.5
2.5
0.4
2.2
1.2
1.1
0
0
0
0
0
0
0
0
0
0
0
4.8
0.1
0
0
0
0
0
0
0
0
0
0
1.1
4.9
0
0
0
0
0
0.1
0
1
0
0
1
0.1
0
0
0
0.1
0.8
5.1
0
0
0
0
0
0
0.7
0
0
0
0
0.1
0
0
0
0
0
0
0
0
0
0
0
0
0.6
0.1
0
0
0
0
0
0
0
0
0
0
3
0
0
0
0
0
0
0
0
1.6
3.3
2
0
0
0
0
0
0
0
0
0
0
0
0.8
8.5
9.4
0
0
0
0
8.4
0.7
17.7
0
0
0
0
7
0
0
0
2.2
0.2
7.9
4.2
13.9
0
4.7
1.3
0.1
0
0.6
1.2
19.3
2
0
1.5
32
1.1
0
0
6.9
0
0.5
1.2
11.3
5.3
0
0
0
0.1
2.8
72.4
0
12.3
4.4
3.9
8.6
0
0
0
7.5
0
0
0
4.3
4.1
14.1
12.8
0
0
7.9
57.1
0
0
0.1
0
7.2
2.2
6.9
0
3.4
0
4
1.3
0
0.1
2.6
0.4
0
1.9
0.4
0
0
0
0
12
0
0
3.2
1.2
0.2
2.7
0
3.7
0.9
0
0
17.1
10.2
0
0
0
0
7
85
18.4
10.9
0
0
1.2
0
18.8
8.8
0
0
1.8
0.6
9
0.1
0
10.4
0
0
0
0.1
0
26.5
0
0
0
0
0.2
0
0
0
0
0
6.1
0
0
0
0
0
0
8
21.2
1.6
0
0
0
0
0
0.1
0
13.3
0
0
35.2
0
0
0
0
0
30
0
0
21.9
85.2
0
0
0
0
0
0
0
0
1.1
0
1.4
0
2.3
4.7
0
0
0
23
0
6.1
0.6
0.4
3.7
0.1
1.1
3
0
0
0
1.3
1.3
0
3.7
0
0
0
1
0
5.5
0.3
0.9
0
0.5
0
0
0
11.6
0
0
0
0
0.5
0
0
0
0.3
1.7
0
0
0.2
0
0
0
7.9
3.4
0
0
0
0
0
0.1
3.1
0
3
0.5
0
0
0
0
1.5
0
0
0
0
0
0
0
0.2
3.4
0
0
0
0
0
0
3.3
0.1
0
0
0
0
0
0
0
0.5
0
0
1.9
0
0
0
0
0
0.3
0
0.5
0
0
0
0
0
0
0
0
0
0.2
0
0
0
0.9
1.3
0
0
0
0
0
0
1.2
0
4.3
1.2
0
4.4
0.1
0
0
0
0.2
0.3
3.5
0
0
0
0
0
0
0
0
2.7
1.3
0
0.2
0
0
0
0.1
0.8
0
0
4.1
0
0
0
0
0.8
0
0
0
4.4
0.4
3.1
0
0
0
0
3.4
0
12.8
0
0
4
0
0
8.1
0
0
0
0
0
0
0
9.2
0
7.2
9.2
0.4
0
0
20
0.1
0
0
0
0
0
0
0
0.2
13.7
1.5
0
0.1
0
0
0
0
0
0
6.1
0
1.8
8.9
0
0.8
3.1
12.8
5
27.9
19.4
0
0
0
0
3.4
0.8
0
0
0
0
0
0
0
0
0
137.8
7.9
0
0
41.8
0.2
0
0.3
0
0
0
34.7
49.4
0
0
14.1
0.7
0
0
0
0
0
0
0
0
0
0
0
3.6
0.8
14.5
2.8
9.9
0
0
0
0
0
0
0
0
23.9
0
0
0
0
0
0
0
0
0
0
4.6
0.8
0.1
1.1
40.8
0.7
0
26.2
0
0
0
0
0
5.6
32.4
0
1.5
4.4
3.1
0
0
0
0
0
0
0
0
29.9
0.2
0
0
0
0
2.9
0
0
0.1
0
0
2.5
3.8
0
0
0
24.6
0
2.4
6.6
16.2
0
5
0
1.9
10.7
44.9
39.3
0
0.2
0
0
0
0
0
1.4
0
0
0
0
0
0
0
0
0
10
0.1
0
7.1
0.2
3.7
12.7
6.2
0
0
0.6
1.2
0
0
0
0
0
0
5.5
6
0
0
0.4
1.6
0.1
0.3
0
0
0
0
2.1
0.6
21.5
22.4
4.8
2.1
0.3
4.9
1.2
5.9
1.4
0
0
1.7
13
1.5
0.7
0.1
0
0
0.9
0
0
0
0
8.9
3.8
8
11.4
0
0
0
0
0
0
0.1
0
0
0
0
0
0
0
0.7
1.9
0
0
0
0
8
0.1
0
0
0
0
0
0
0
0
0
0.6
0.2
0
0
0.8
0
0
0
0
0
3.4
0.7
3.3
0.2
0.6
0
0
0.7
0
0
0
0
0
0
0
0
0
0
0
0
0
0
0
3.3
0.1
0
0
0.1
0
0
0
0
0.9
0
0.2
0
0
0
0.9
0.9
0
0
0
0.4
2.3
0
0
0
0
0
4
0.1
0
1.3
1.1
0
2.3
0
0
0
4.8
1.3
0
0.6
0
0
0
5.8
0
0
0
0
0
0
24.9
0
0
0.2
6.2
2.5
0
0
5.2
0.1
11.4
0.7
7.9
0.8
0
1.4
0.1
12.2
1
0
0
3.4
26.1
4.9
0.2
2.2
5.9
0.6
0
129
11.8
0.3
3.4
0
0
0.9
0
15.5
0.2
1.8
16.6
0.1
0
2.6
5.6
0
2.2
0
0
0
0
11.2
2.7
0.8
0.9
2.9
0.2
4.1
0.3
0
3.8
1.4
13.2
0
14.8
0.1
13.2
7.6
0
0
0
0
14.4
0.1
0
0.2
0
18.7
21.8
0
0
1
0.2
0
1.6
5.9
33.6
15.2
1
0
0
0
22.9
31.9
0
0
15.5
44.1
2.2
0.3
0.7
4
8.7
29.3
0
0.1
0.1
0
0
0
0
0
0
75.3
1.6
0
0
0
0
0
0
11
0
0
0
0
1.4
0
0
0
0
32
0.1
0
0
0
5
16
0.1
0
0
33
0.1
0
0.8
0.1
2.4
0
0
0
0
0
0
0
0
0
0
0
0
0.1
0
0
21
0
0
0
0
0
12.4
0
0
0
0
0
0
0
14.4
47.4
24.6
4.5
0.7
5.3
81.1
2
0
0
0
0
0.6
0
1.9
33.9
18.6
0
0
7.6
0
0
0.3
0.1
0
0
0
0
0
0
0
0
0
0
0.3
0.3
1.1
0.7
0
0
0.1
0.1
0
0
0
1.9
69.3
0
0.3
0
0
3.4
0
0
1.6
0.9
1.8
0
0
0
0
0
0
0
0.2
0
0
0
0
0
0
12
11.4
10.2
3.1
0
5.8
0.2
2.7
1.3
0
0
2
0.1
0
0
0
0
0.3
1.1
0
0
0
0
0
0
0
0
0
0
0
0
0
0
2.5
0
0
0
0
0
0
0
0
0
0
0
0
0
0
0
0
0
0
0
0
0
0
0
0
0
0
0
0
0
0
0
0
0.4
1.3
0
0
0
0
0
0
0
0
0
0
0
0
0
0
0
0
0
0
1.4
0.1
0
0
0
0
0.3
0
0
0
0
0
0
0
0
0
0
0
0
0
0
0
0
0
0
0
0
0
0
0
4.3
0.3
11.5
0
0
0
0
0
0
0
0
0
0
0
0
0
0
0
0
0
0
0
8.4
0
1.9
0
0
0.2
0.2
0
0.4
4.5
25.1
0
0
0
0
0
0
0
0
0
0
0.6
38.5
0.1
2.1
12
0.3
0
0
0
0
32.8
1.9
0
0
5.3
0.4
0
9.7
0
0
0
0
33.3
2.6
0
0.1
3.6
0
27.2
9.6
0
0
3.7
1.3
5.3
34.4
0
6.3
4.5
0
0
0
0
0.2
1.5
0.6
7.9
42.6
1.1
0
0
3
0
0
29.4
72.9
122.4
1.3
0
0
0.4
26.1
0
0.4
6
5.3
3.5
0
0
0
0
0
0
0
0
17.5
23.3
0
38.6
0
0
0
0
8.4
0
0
0
0
2.9
0
0
0
13.7
0
0
0
0
18.7
0
0
0
0
3.3
14.5
0.1
0
0
0
0.3
8.7
30.1
4
0
0
0
0
0
0.2
0
0
3.2
0
0
21.2
0.1
0
0
2.8
0.2
0
11.8
0
0
0
47.9
0.6
5
0.1
0
0
60.3
25.7
2.6
0
0
1
0
42.9
3.5
0.5
0.7
19
0.5
0
5.3
0
15.7
16
0.4
2.7
0
0
0
0
0
0
0
0
0
0
0
0.3
0
0
0
0
0
0.7
23
48.7
0
8.2
3.4
0.3
3.4
0.1
0
0
0
7.3
0.7
5
1.7
7.1
5.6
0.1
0
0
0
0
0
0.2
0.2
0
0
0
0.3
0
10.4
0
0
0.6
0
0
0
0
0
0
1.4
6
0.1
0
0
0
0
0
0.2
0.5
6
0.4
0.1
0
0
1.8
0
0
0.1
0.6
9.2
0.1
0
0
0
0
0
0
0
0
0
4.3
0
0.8
14.2
0.6
1.3
1.8
0
0
0
0
0
0.2
0
0
0
2
2.2
4.3
0.6
0
0
0
0
0
0
0
5.1
0.1
0
0
0
0
0
0
0
0.1
0
0
12.2
2.6
15.7
0.1
0
0
0
0
0
0
0
0
0
0
0
0
0
0
0
0
0
0.4
3.3
0
0
17.3
17
0
0
0
0
0
0
0
0
0
0
0
0.8
9.2
4.8
0
0
0
0
0
2.2
1.2
0
0
0
0
0
4.8
13.3
0
0
0.7
0
0
0
8
0
1.2
0
18.1
0
0
5.5
0.1
15.6
0.3
0
0.4
1.5
0
0
10.7
0
0
0.6
0
0
0
5.1
50.1
0
8.3
0
0
0
0
21.2
1.7
0
0
0
13.7
1.1
0
0
10
0
0
15.1
7.6
1.4
0.1
0
0
8
42.5
0
0
0
0
0
2.4
0.1
0
0
0
0
0
0
0
0
0
0
0
0
0
3.5
158.5
4.6
25.6
0.2
0
0
72.7
12.1
0
0
0
0
0
0
0
0
0
0
0
0
7.2
1
0
0
0
11.5
0.1
0
0
0
0
0
0
0
0
0
0
0
0
0
0
0
0
0
0.1
0
0
0
0
0
0
0
0
0
0
0
0
0
3.6
0
0
0
0
0
0
0
0
0
0
0
0
0
0
0.2
0
0
0
0.1
0
0
0
0
0
0
0
0
0
0
0
0
0
0
0.5
0.8
13.3
6.7
0
0
0
0
0
0
0
0
0
0
8.9
5
1
0
1
3
5
7
0
0.9
0.1
0.3
0
0.8
0.2
11
31
36
25
19
41
3
3
0
0
0
0
0
0
12
44
14
2
0
0
0
0.1
0
0.3
1.1
0
0.1
0
8.8
0
10.4
3.9
0
0
0.2
0
0
0.3
0.1
0
0
0
0
0
0
0
0
0
0
0
0
0.2
0.4
0
0
0
0
0
7.3
2
0
0
0.3
2
3
0
0
0
0
0
0
0
0
0
0.8
2.9
3.5
0.1
0
1.6
0
0.2
0
0
0
0
0
0
0
0
0
0
0
0
0
0
0
0
7.4
0.1
3.8
0.8
0
0
0
0
0
23
0.6
0
0
0
0
0
0
0
0
0.3
0.6
1.7
0.1
24
7
2.1
0.6
0
0
0
0
0
0
0
5.3
4
0
0.6
0.8
0
0
0
5.5
15.2
0.6
0
0
0
0
0
0
2.8
0
0
9.9
0
0
0
0
0
26.3
0
0
0
1.8
7.6
12.6
0.5
0
84.8
62
5.7
0.3
0
0
0
0
28.6
0.2
0
0
5.4
0
0
0
6.3
22.5
2.8
0.2
0
0
0
0
10.4
65.3
0
10.1
24.6
0.2
0
0
0
38.3
0
0
0
0
0
0
0
0
2
19
10
0
0
0
0
0
0
0.3
0
0
0.2
0
11
66
17
0
0
0.3
22
0.3
4
5
2
18
25
0.1
0
0
0
0
0
0
0
0.5
0
0.3
0
0
12.8
0
0
1.8
0
21
2
91
12
20
0
0.2
0.2
0.1
0
32.2
0.1
0.9
27
0.1
0.1
0
0
0.1
0
0
0
0
0
0
32
0.1
0
0
0
5
16
0.1
0
0
33
0.1
0
0.8
0.1
2.4
0
0
0
0
0
0
0
0
0
0
0
0
0.1
0
0
21
0
52
7
47
4
6
8
11
0
0
49
7
0
0
0
0
0
0
0
15
16
0
2
0
12
103
2
0
27
0
0
0
5
5
96
82
8
0
0
0
0
8
39
16
16
6
0
1
22
11
0
0
0
2
11
0
0
0
0
0
0
0
0
0
0
0
0
0
0
0
0
0
8
13
0
0
0
0
0
4
0
2
0
0
0
0
0
0
0
0
4
4
0
0
0
0
0
0
0
0
0
0
0
0
0
0
0
0
0
0
0
0
0
0
0
0
0
0
0
0
0
0
0
0
-99
-99
0
8.4
-99
-99
-99
-99
-99
0
-99
-99
-99
0
-99
-99
-99
0
0
-99
-99
-99
-99
3.7
0
-99
-99
-99
-99
0
0
0
0
-99
-99
-99
-99
0
-99
-99
-99
0.3
0
0
0
0
0
-99
0
-99
0.7
-99
-99
-99
0
0
0
-99
-99
-99
-99
-99
-99
-99
-99
-99
0
-99
-99
-99
-99
-99
4.6
0
0
-99
-99
-99
-99
0
-99
-99
-99
-99
-99
-99
-99
-99
-99
0
0
0
-99
-99
-99
-99
-99
-99
0
0
2.4
0
-99
-99
0.2
0
0
0
-99
0
0.4
7.1
0.8
12.2
14.2
0.23
0
-99
0
-99
0.3
0.2
0
2.2
37.5
50.4
-99
0
-99
-99
0.73
-99
-99
0
-99
0.2
0
-99
0
0
0
151.7
-99
0
-99
12.7
1.1
0
0
0
0
0
0
-99
-99
0
0
0
0
0
0
0
0.3
0
0
24.4
0
10.3
32.3
63.2
11.6
0.8
3
0
0
0.1
0
0
0
0.4
31
0.2
0
9.6
28.1
22
0.5
0
0
0
0
0
0
21.9
0
0
0
0
0
0
0
0
0
0
0
0
0.1
0
0
8.4
9.3
1.2
27.3
0
0
0
0
16.7
0
2.2
0
0
0
0
0
1.6
0.2
0
1.1
0
0.1
0
0
40.1
15.7
0
0
0
0
0.4
0
0
54
0
0
0
0
0
21.5
20.2
0.1
0.1
1.9
-99
-99
1.3
0
0
0.1
0.4
5.7
0.3
78.3
0.7
0
0
3
22.2
1.3
0.2
0
0
0
3.6
0
0
0
0
0.2
4.5
0.8
0.2
0
0
0
1.1
0
0
0
0
0
11.2
0.3
0
0
0.5
0
0
0
0
0
0
0
0
0
0
0
0
11.8
16.4
10
0.1
0
0.3
8
2.3
0.1
0
0.2
0.7
6.6
9
0
0
0
1.1
0
0
0
0
2
0.1
0
0.7
0.2
0.6
9
2
0.3
0
0
0
0
0
0
0
0
0
0
0
0
0
0
0
1.9
1.8
1.8
0
0.4
0.3
0.1
0
0.5
0
0
0
0
0
0.1
0.4
0
0
0
1.5
0.1
0
0.1
0
0.3
0.4
0
0
0
0
0.1
0
0
0
0
0
0
0
0
0
8.6
2
0
0
1.7
0.1
0
0
0
0
0
0
0
0
0.1
0
0
0
0
0
0
0
0.3
0
0
0
0
0
1
0
0.4
0.8
0
0
3
0.1
0
0
0
0
0
0
4
0
0
0.1
1
0
0
0
28
12.9
0.1
1.4
0
0
0
0.2
0
16.5
15.9
0
0.5
0
0.1
0
0
0
0
24.8
5.5
1.2
0
0
24.1
0
0
0
0
0
10
5.9
0
0
0
0
0
0
3.1
7
0
0
1.6
0
0
4.5
-99
-99
0
0
0
0
0
6
0
0
0.1
0
9.7
7.4
0.9
0
0
0
0
4.5
0.1
0
0.1
2.2
3.2
0
0
0
0
0
29.5
0
0
1.6
1.6
0
28.7
2.3
0
0
3.4
0.2
10.8
0.7
1.1
0
4.2
25.5
17.7
0
0
0
0
91.2
4.4
0
-99
0
0
11.1
2
0
0
15.8
0.5
0
0
26.7
1.1
0
0
0.6
0
0
0
0
0
0
15.2
24.2
0.3
1.8
0
0
0
2.1
28.9
6.8
0
-99
-99
0
0.1
8.2
0
9.2
0
3.5
0
0
0
0
0
0
0
0
0
0
0
0
0
0
0
0
109.1
0.3
0
5.8
0
0
0
0
0
0
8.7
40.9
0.1
0
0
0
0
0
0
19.7
11.1
12.2
5.8
8
0
0
0
0
0
0
0
0
0
0
1.7
8.9
0.8
1.1
130.9
5.3
53.3
100.8
0
17.3
17.8
0.2
0.8
7.9
6
2.7
0.3
0
0
3.1
27.1
24.2
0
0.3
12.4
9.4
3.3
0
0
0
0
0
0
0
1.9
0.3
2.3
0
0
0
0
0
0.4
0
0
0
0
8.7
0
0
0
0
0
0
13.6
0.9
0
0
0
0
0.8
0
0
0
0
0
0
0
0
0
0
0
0
0
0.2
0
0
2.3
10.8
0.1
0.5
0.1
0
0
0
0.1
0.1
0
0
0
0
0
0
0
0.1
0.1
0.4
21.4
0
13.2
0
0
0
0
0
0.5
0.4
0
0
0
0
0
0
0
1.5
3.6
0
0.9
0
5
0
0.1
2
0
0
0
0
0
5.7
0
0
0
0
0
0
0
0
17.4
0
0
-99
-99
0
2
0
-99
-99
0.3
0.1
3.2
5.7
0
0.8
5.6
3.4
0
0
0
0
0
5.4
0
0
0
-99
-99
-99
0
0
0
0
0.5
-99
1.5
0
0
0
0.4
32
0.3
2.6
0
0.7
0
0
0
0
0
0
0
0
0
3.7
0.2
0
0
0
0
0
5.4
8.3
0.4
10.2
6.6
5.9
2.4
0
0
0
0
0
0
4.8
0
0
0
0.6
0
0
0
0
22.3
0
0.5
0
15
1.4
0
4.3
0.1
0
0
2
0
0
0
26.7
1.5
24.5
0.2
0
0
0
0.2
0
10.1
0
0
0
0
0.1
12.5
0.5
0
173.5
1.6
0.2
0.7
1.1
0
53.7
0.1
0.1
33.3
4.9
0.8
1
0
0
0
58.2
0.2
0
0
10.8
17.2
0.6
0.5
13.5
0
3.4
0
0
0.4
5.1
3.6
10.3
0
73.2
72.6
12.3
19.5
0
6.4
14.3
0.7
0
0
0.2
12.3
0
0
1.2
0.1
0.6
0.1
0
0
0
0
0
58.3
31.8
0
0
0
0.2
21
0
0
0
0
10.6
0
33.6
0.9
0
0.2
8.5
0
0
0
0
0
0
0
0
0.3
0
0.1
7.4
1.1
0
0
0.2
2.5
0
9.6
8.4
5.1
0.1
7.4
2.4
0
0.2
0.3
6.5
-99
-99
2.6
9.9
0.3
0
0
0
0
0
11.4
12.5
7.7
7.7
1.8
0
0
0
0
0
3.4
0.1
1
16.9
1.9
0.3
0
0
6.7
0
0
0
0
0
0
0.2
0.9
0
0.3
0
0.6
0
0
0
0.1
0
0
0
0
0
0
0
0
0
0
0
0
8.8
0.9
0.9
1.9
2.6
9.1
1.1
0.9
0.1
0.1
0.3
0
0
1.4
0
0.8
0
0
0
1.7
0.2
0
0
0
0
0.3
0.4
0
0
0
0
0
0
0
0
0
0
0
0
0
0.8
7.1
0.4
0.4
0
0
0
0
0
0
0
0
0
0
0
0
0
0
0
4
0.2
0
0
0
0
0
0
1.8
9.9
0.2
0.2
0
0
0
-99
0
0
0
1.7
0
0
0
0
0
0
0
0
0
0
7.9
0
0
0.1
0
0
0
0
9.7
0
5.8
0
0
0.2
6.8
0
0.2
0
0
1.1
0.1
1.6
0
0.6
0.1
0
0
0
0
4.1
1.5
15.7
13.4
9.4
3.7
0
0
0
0
5.6
0.1
0
0
42.8
0
9.4
5
1.5
0
0
11.6
20.3
0
0
0.1
2.3
0
1
7.2
0
2.8
0
0.8
0.1
7.2
0
0
4.1
51.1
0.8
0
0
1.9
0
0
0
0.1
5.9
0
14.4
0.1
0
0
0
0
3.9
0.1
18.6
21.7
14.9
6.9
0.2
0
1.3
0
0
0
5.1
0.7
2.1
15.3
0
0.1
0
0
0
0.1
0.1
11.3
0
0
0
0
0.1
14.8
0.4
0.2
2.3
0
0
0
0
55.1
110.2
10.1
0
0
0
0
0.1
1.9
5.3
2.2
1
0.8
0
0
31.7
0.6
0.3
7.4
0.2
34
15.2
70.6
42.1
34
0.1
0
0
0
0.5
4
2
0.2
0
0
0
0
9.6
0
0
13.6
5.6
2.5
0
0
0
0
0
0
0
0
10
38.1
29.6
-99
-99
-99
-99
-99
-99
-99
-99
-99
-99
-99
-99
-99
-99
-99
-99
-99
-99
-99
-99
-99
-99
-99
-99
-99
-99
-99
-99
-99
-99
-99
-99
-99
-99
-99
-99
-99
-99
-99
-99
-99
-99
-99
-99
-99
-99
-99
-99
-99
-99
-99
-99
-99
-99
-99
-99
-99
-99
-99
-99
-99
-99
-99
-99
-99
-99
-99
-99
-99
-99
-99
-99
-99
-99
-99
-99
-99
-99
-99
-99
-99
-99
-99
-99
-99
-99
-99
-99
-99
-99
-99
-99
-99
-99
-99
-99
-99
-99
-99
-99
-99
-99
-99
-99
-99
-99
-99
-99
-99
-99
-99
-99
-99
-99
-99
-99
-99
-99
-99
-99
-99
-99
-99
-99
-99
-99
-99
-99
-99
-99
-99
-99
-99
-99
-99
-99
-99
-99
-99
-99
-99
-99
-99
-99