0.0
0.0
0.0
0.0
0.0
0.0
0.0
0.0
0.0
0.0
0.0
0.0
0.0
0.0
0.0
0.0
0.0
0.0
0.0
0.0
0.0
0.0
0.0
0.0
0.0
0.0
0.0
0.0
0.0
0.0
0.0
0.0
0.0
0.0
0.0
0.0
0.0
0.0
0.0
0.0
0.0
0.0
0.0
0.0
0.0
0.0
0.0
0.0
0.0
0.0
0.0
0.0
0.0
0.0
0.0
60.01376714664495
0.0
0.0
0.0
0.0
0.0
0.0
0.0
0.0
0.0
0.0
0.0
0.0
0.0
0.0
0.0
0.0
0.0
65.02414673580235
0.0
0.0
0.0
0.0
0.0
0.0
0.0
68.67408966922883
0.0
0.0
0.0
0.0
0.0
0.0
0.0
0.0
0.0
0.0
0.0
0.0
0.0
0.0
0.0
0.0
0.0
0.0
0.0
0.0
0.0
0.0
0.0
0.0
0.0
0.0
0.0
0.0
120.98464226504032
0.0
0.0
0.0
0.0
0.0
0.0
0.0
0.0
0.0
0.0
0.0
0.0
0.0
0.0
210.06414876071204
0.0
0.0
0.0
0.0
0.0
0.0
136.0101008451464
0.0
0.0
0.0
0.0
0.0
0.0
0.0
0.0
0.0
0.0
0.0
0.0
111.54204650830557
94.9652914229436
0.0
0.0
0.0
0.0
94.15720465301955
0.0
0.0
0.0
0.0
0.0
302.96230783161644
0.0
0.0
0.0
69.4110483233758
0.0
0.0
0.0
0.0
0.0
0.0
0.0
0.0
0.0
0.0
0.0
0.0
114.94967477156456
137.8113341580977
0.0
0.0
0.0
144.1699278362212
0.0
0.0
0.0
0.0
183.0383797435777
60.01376714664495
0.0
0.0
0.0
0.0
308.6606674850163
0.0
0.0
0.0
0.0
0.0
0.0
0.0
64.30120217235351
0.0
0.0
0.0
0.0
0.0
0.0
0.0
0.0
0.0
0.0
0.0
0.0
0.0
0.0
66.47711197019052
0.0
0.0
0.0
0.0
0.0
0.0
0.0
0.0
0.0
0.0
0.0
0.0
1605.9255321134365
0.0
0.0
0.0
0.0
0.0
0.0
0.0
0.0
0.0
0.0
407.6134494798856
0.0
0.0
0.0
0.0
0.0
0.0
0.0
0.0
0.0
0.0
467.0793328472302
0.0
0.0
65.02414673580235
0.0
0.0
0.0
0.0
0.0
0.0
0.0
0.0
0.0
0.0
0.0
0.0
0.0
0.0
0.0
63.58063088343796
0.0
0.0
82.2832684414492
0.0
0.0
62.86244397093876
0.0
0.0
0.0
0.0
0.0
0.0
0.0
0.0
0.0
0.0
0.0
90.14731450055669
0.0
0.0
0.0
0.0
0.0
0.0
0.0
0.0
0.0
0.0
0.0
0.0
0.0
0.0
0.0
0.0
0.0
0.0
0.0
0.0
0.0
0.0
0.0
0.0
0.0
0.0
0.0
0.0
0.0
0.0
0.0
195.9147082297686
0.0
0.0
0.0
0.0
0.0
0.0
0.0
0.0
0.0
0.0
0.0
0.0
0.0
0.0
0.0
0.0
0.0
0.0
0.0
0.0
0.0
66.47711197019052
0.0
0.0
0.0
0.0
0.0
0.0
0.0
0.0
0.0
0.0
0.0
0.0
0.0
0.0
0.0
0.0
0.0
0.0
0.0
0.0
0.0
0.0
0.0
0.0
0.0
0.0
0.0
0.0
0.0
0.0
0.0
0.0
0.0
0.0
0.0
0.0
0.0
0.0
0.0
0.0
0.0
0.0
0.0
0.0
0.0
0.0
0.0
0.0
0.0
0.0
0.0
0.0
0.0
0.0
0.0
0.0
0.0
0.0
0.0
0.0
0.0
0.0
0.0
0.0
0.0
0.0
0.0
0.0
0.0
0.0
0.0
0.0
0.0
0.0
0.0
0.0
0.0
0.0
0.0
0.0
0.0
0.0
0.0
0.0
0.0
0.0
0.0
0.0
0.0
0.0
0.0
0.0
0.0
0.0
0.0
0.0
0.0
0.0
114.94967477156456
0.0
0.0
0.0
0.0
0.0
174.27591822778663
0.0
0.0
0.0
0.0
0.0
0.0
0.0
0.0
0.0
0.0
0.0
0.0
0.0
0.0
0.0
0.0
0.0
0.0
0.0
0.0
0.0
0.0
0.0
0.0
86.9765003690405
69.4110483233758
0.0
0.0
0.0
0.0
0.0
0.0
0.0
0.0
0.0
0.0
0.0
0.0
0.0
0.0
0.0
111.54204650830557
0.0
0.0
0.0
0.0
0.0
0.0
0.0
486.5494700304375
0.0
0.0
241.33399905804043
0.0
0.0
0.0
0.0
0.0
0.0
0.0
137.8113341580977
0.0
0.0
0.0
0.0
0.0
0.0
0.0
0.0
67.93944049844146
289.4141154871136
0.0
0.0
0.0
0.0
0.0
0.0
0.0
0.0
0.0
0.0
0.0
0.0
76.1459610187078
256.35362823039446
0.0
0.0
175.24329067778328
0.0
0.0
0.0
0.0
0.0
961.4201549289768
0.0
0.0
69.4110483233758
0.0
0.0
0.0
0.0
0.0
0.0
0.0
0.0
0.0
0.0
1456.1462789089794
0.0
0.0
0.0
0.0
0.0
0.0
0.0
0.0
0.0
0.0
0.0
158.0738900908977
0.0
0.0
217.24622229227884
0.0
0.0
0.0
147.84088306141874
0.0
0.0
0.0
0.0
0.0
86.18901292277036
0.0
0.0
445.2973955786103
592.8185607769685
0.0
0.0
0.0
0.0
0.0
0.0
0.0
0.0
0.0
0.0
0.0
0.0
0.0
0.0
0.0
0.0
0.0
0.0
0.0
0.0
0.0
0.0
0.0
0.0
0.0
0.0
0.0
0.0
0.0
0.0
0.0
0.0
87.76608203372092
0.0
0.0
0.0
0.0
0.0
0.0
185.98702479994895
0.0
0.0
0.0
0.0
273.83983403441533
0.0
0.0
0.0
0.0
0.0
0.0
0.0
0.0
0.0
0.0
0.0
131.537556264745
257.43657496981655
0.0
0.0
0.0
0.0
0.0
0.0
0.0
0.0
338.78641383089666
68.67408966922883
232.87169628564365
0.0
0.0
0.0
0.0
0.0
0.0
0.0
0.0
0.0
0.0
0.0
0.0
0.0
0.0
0.0
0.0
0.0
0.0
89.35149680514185
0.0
0.0
247.73843873121936
0.0
100.67804895270162
135.1120921944246
0.0
0.0
0.0
0.0
0.0
0.0
0.0
0.0
67.20711112043635
0.0
0.0
0.0
0.0
0.0
0.0
0.0
0.0
0.0
0.0
0.0
0.0
0.0
187.96043741880854
0.0
0.0
0.0
0.0
0.0
0.0
0.0
0.0
0.0
0.0
0.0
0.0
0.0
0.0
0.0
0.0
0.0
0.0
0.0
0.0
0.0
0.0
0.0
0.0
0.0
0.0
0.0
0.0
0.0
0.0
0.0
0.0
0.0
0.0
0.0
0.0
0.0
0.0
0.0
0.0
0.0
0.0
0.0
0.0
0.0
0.0
0.0
0.0
0.0
0.0
0.0
0.0
0.0
0.0
0.0
0.0
0.0
0.0
0.0
0.0
0.0
0.0
0.0
0.0
0.0
0.0
0.0
0.0
0.0
0.0
0.0
0.0
0.0
0.0
0.0
0.0
0.0
0.0
0.0
0.0
0.0
0.0
0.0
0.0
0.0
0.0
0.0
0.0
0.0
0.0
0.0
0.0
0.0
0.0
0.0
0.0
0.0
0.0
0.0
0.0
0.0
0.0
0.0
0.0
0.0
0.0
0.0
0.0
0.0
0.0
0.0
0.0
0.0
0.0
0.0
0.0
0.0
0.0
0.0
0.0
103.98599723165675
0.0
0.0
0.0
0.0
0.0
0.0
0.0
0.0
0.0
0.0
0.0
0.0
73.88073728836964
0.0
0.0
0.0
0.0
0.0
0.0
0.0
117.52500769788801
0.0
0.0
0.0
240.27138130103322
0.0
0.0
0.0
0.0
0.0
0.0
0.0
0.0
0.0
0.0
0.0
0.0
0.0
0.0
762.4294505029809
0.0
62.14665267847594
0.0
0.0
0.0
0.0
0.0
0.0
0.0
0.0
0.0
0.0
0.0
0.0
75.38866138218455
65.74945361074789
0.0
0.0
0.0
544.9805353300134
0.0
0.0
0.0
0.0
0.0
0.0
0.0
0.0
0.0
0.0
0.0
0.0
0.0
0.0
0.0
0.0
0.0
0.0
0.0
0.0
0.0
0.0
0.0
60.01376714664495
0.0
0.0
0.0
0.0
0.0
0.0
0.0
0.0
0.0
0.0
0.0
99.0358751325015
0.0
0.0
0.0
0.0
0.0
0.0
956.6414212959734
109.84954415156398
0.0
0.0
0.0
0.0
0.0
113.2421057786521
0.0
0.0
0.0
0.0
0.0
0.0
0.0
0.0
0.0
0.0
0.0
0.0
0.0
0.0
184.01972708815816
0.0
0.0
0.0
0.0
0.0
0.0
0.0
0.0
0.0
0.0
0.0
0.0
0.0
0.0
0.0
0.0
0.0
0.0
134.21582857657535
0.0
0.0
0.0
0.0
0.0
0.0
0.0
0.0
69.4110483233758
0.0
0.0
274.9438865268614
0.0
0.0
0.0
0.0
0.0
219.31118720423584
0.0
0.0
140.52615349723487
959.826468754855
0.0
0.0
0.0
0.0
0.0
0.0
0.0
0.0
0.0
0.0
0.0
0.0
0.0
0.0
0.0
0.0
0.0
150.61176725512846
0.0
0.0
0.0
0.0
0.0
0.0
0.0
0.0
0.0
0.0
0.0
0.0
0.0
0.0
0.0
0.0
0.0
0.0
0.0
0.0
0.0
0.0
0.0
0.0
0.0
0.0
0.0
0.0
0.0
0.0
0.0
0.0
0.0
0.0
0.0
0.0
0.0
0.0
0.0
0.0
0.0
0.0
0.0
0.0
0.0
0.0
0.0
0.0
0.0
0.0
0.0
0.0
0.0
0.0
0.0
0.0
0.0
0.0
0.0
0.0
0.0
0.0
0.0
0.0
0.0
0.0
0.0
0.0
0.0
0.0
0.0
0.0
0.0
0.0
0.0
0.0
0.0
0.0
0.0
0.0
0.0
0.0
0.0
0.0
0.0
0.0
0.0
0.0
0.0
0.0
0.0
0.0
0.0
0.0
0.0
0.0
0.0
0.0
0.0
0.0
0.0
0.0
0.0
0.0
0.0
0.0
0.0
0.0
0.0
0.0
0.0
0.0
0.0
0.0
0.0
0.0
0.0
0.0
0.0
0.0
0.0
0.0
0.0
0.0
0.0
0.0
0.0
0.0
0.0
0.0
0.0
0.0
0.0
0.0
0.0
0.0
0.0
0.0
0.0
0.0
0.0
0.0
0.0
0.0
0.0
0.0
0.0
0.0
0.0
0.0
0.0
0.0
0.0
0.0
0.0
0.0
0.0
0.0
0.0
0.0
0.0
0.0
0.0
0.0
0.0
0.0
0.0
0.0
0.0
65.74945361074789
0.0
0.0
0.0
0.0
0.0
0.0
0.0
0.0
0.0
0.0
0.0
0.0
0.0
0.0
0.0
0.0
0.0
0.0
0.0
0.0
123.59856797857641
0.0
0.0
0.0
0.0
0.0
0.0
0.0
0.0
0.0
72.38177584440984
0.0
0.0
0.0
0.0
0.0
0.0
0.0
0.0
0.0
0.0
0.0
0.0
0.0
0.0
0.0
0.0
65.74945361074789
0.0
197.91830150626583
118.38715708690114
0.0
0.0
0.0
0.0
0.0
0.0
0.0
0.0
0.0
0.0
0.0
0.0
0.0
0.0
0.0
1894.5842633579666
0.0
0.0
0.0
350.5895933982314
0.0
0.0
0.0
0.0
0.0
0.0
269.43667008002876
444.02562955626934
0.0
0.0
75.38866138218455
0.0
0.0
0.0
0.0
0.0
0.0
0.0
0.0
0.0
0.0
0.0
0.0
0.0
0.0
78.43110044816379
0.0
0.0
0.0
0.0
0.0
0.0
0.0
0.0
0.0
0.0
159.01405673574
0.0
0.0
0.0
0.0
0.0
0.0
0.0
0.0
0.0
0.0
0.0
0.0
0.0
0.0
338.78641383089666
0.0
0.0
181.08030509637732
0.0
0.0
0.0
0.0
0.0
0.0
244.53007667249653
0.0
0.0
0.0
0.0
0.0
0.0
0.0
0.0
0.0
0.0
0.0
0.0
218.27798941929697
0.0
0.0
0.0
0.0
0.0
0.0
0.0
0.0
0.0
0.0
0.0
0.0
0.0
0.0
0.0
0.0
165.6406756543009
0.0
0.0
0.0
91.74513255501893
0.0
0.0
0.0
0.0
0.0
387.91954925843936
321.3057994076053
0.0
0.0
0.0
0.0
0.0
0.0
0.0
0.0
0.0
0.0
0.0
0.0
0.0
0.0
0.0
0.0
0.0
0.0
0.0
0.0
0.0
0.0
0.0
65.02414673580235
0.0
0.0
0.0
0.0
0.0
0.0
0.0
0.0
0.0
0.0
0.0
0.0
0.0
0.0
0.0
0.0
0.0
0.0
0.0
0.0
0.0
0.0
0.0
0.0
0.0
136.90984974814012
145.0851295695516
0.0
0.0
0.0
0.0
0.0
0.0
0.0
0.0
0.0
0.0
67.20711112043635
0.0
0.0
0.0
0.0
0.0
0.0
0.0
0.0
0.0
0.0
0.0
0.0
0.0
0.0
0.0
0.0
0.0
0.0
0.0
0.0
0.0
0.0
0.0
0.0
0.0
0.0
0.0
0.0
0.0
0.0
0.0
0.0
0.0
0.0
0.0
0.0
0.0
0.0
0.0
0.0
0.0
0.0
0.0
0.0
0.0
0.0
0.0
0.0
0.0
0.0
0.0
0.0
0.0
0.0
0.0
0.0
0.0
0.0
0.0
0.0
0.0
0.0
0.0
0.0
0.0
0.0
0.0
0.0
0.0
0.0
0.0
0.0
0.0
0.0
0.0
0.0
0.0
0.0
0.0
0.0
0.0
0.0
0.0
0.0
0.0
0.0
0.0
0.0
0.0
0.0
0.0
0.0
0.0
0.0
0.0
0.0
0.0
0.0
0.0
0.0
0.0
0.0
0.0
0.0
0.0
0.0
0.0
0.0
0.0
0.0
0.0
0.0
0.0
0.0
0.0
0.0
0.0
0.0
0.0
0.0
0.0
0.0
0.0
0.0
0.0
0.0
0.0
0.0
0.0
168.50479051482188
0.0
0.0
0.0
0.0
0.0
0.0
0.0
0.0
0.0
0.0
0.0
0.0
0.0
0.0
0.0
0.0
61.43326839438128
0.0
0.0
0.0
0.0
180.1035846631315
0.0
0.0
0.0
0.0
0.0
0.0
1725.7605769691438
0.0
0.0
0.0
0.0
0.0
0.0
0.0
86.18901292277036
0.0
0.0
94.9652914229436
0.0
0.0
0.0
0.0
0.0
0.0
0.0
0.0
0.0
0.0
0.0
0.0
0.0
0.0
0.0
0.0
0.0
0.0
0.0
0.0
0.0
68.67408966922883
0.0
80.73591317073351
0.0
68.67408966922883
0.0
0.0
0.0
0.0
0.0
77.66718957795585
0.0
0.0
0.0
0.0
112.39113449747633
139.61949069160661
0.0
0.0
0.0
0.0
0.0
0.0
0.0
257.43657496981655
83.8391953308478
0.0
0.0
0.0
0.0
149.68646520599208
239.2101384413802
0.0
0.0
86.18901292277036
378.18047056675084
0.0
0.0
0.0
0.0
0.0
212.10894539938562
0.0
0.0
0.0
0.0
0.0
0.0
0.0
0.0
0.0
805.977072119948
0.0
0.0
0.0
0.0
0.0
0.0
0.0
0.0
0.0
0.0
0.0
0.0
0.0
0.0
0.0
0.0
0.0
240.27138130103322
0.0
0.0
0.0
0.0
0.0
90.14731450055669
0.0
0.0
0.0
250.95901909851534
0.0
0.0
0.0
0.0
0.0
0.0
0.0
0.0
0.0
0.0
0.0
0.0
0.0
0.0
0.0
0.0
0.0
0.0
0.0
0.0
132.42855574094926
0.0
0.0
0.0
0.0
0.0
62.86244397093876
0.0
0.0
0.0
0.0
0.0
0.0
0.0
77.66718957795585
418.8159113306352
165.6406756543009
0.0
0.0
0.0
895.1586598772684
0.0
0.0
0.0
0.0
0.0
0.0
0.0
0.0
260.69342289003043
111.54204650830557
0.0
0.0
0.0
0.0
0.0
0.0
0.0
0.0
0.0
0.0
0.0
0.0
0.0
0.0
0.0
0.0
0.0
0.0
0.0
0.0
0.0
0.0
0.0
0.0
0.0
0.0
0.0
0.0
0.0
716.6717133221712
0.0
0.0
0.0
0.0
0.0
0.0
0.0
0.0
0.0
0.0
0.0
0.0
0.0
0.0
0.0
0.0
0.0
0.0
0.0
0.0
0.0
0.0
0.0
0.0
60.01376714664495
0.0
0.0
0.0
0.0
0.0
0.0
0.0
0.0
0.0
0.0
0.0
0.0
0.0
0.0
0.0
0.0
0.0
0.0
0.0
0.0
0.0
0.0
0.0
0.0
0.0
0.0
0.0
0.0
0.0
0.0
0.0
0.0
0.0
0.0
0.0
0.0
0.0
0.0
0.0
0.0
0.0
0.0
0.0
0.0
0.0
0.0
0.0
0.0
0.0
0.0
0.0
0.0
0.0
0.0
0.0
0.0
0.0
0.0
0.0
0.0
0.0
0.0
0.0
0.0
0.0
0.0
0.0
0.0
0.0
0.0
0.0
0.0
0.0
0.0
0.0
0.0
0.0
0.0
0.0
0.0
0.0
0.0
0.0
0.0
0.0
0.0
0.0
0.0
0.0
0.0
0.0
0.0
0.0
0.0
0.0
0.0
0.0
0.0
0.0
0.0
0.0
0.0
0.0
0.0
0.0
0.0
0.0
0.0
0.0
0.0
0.0
0.0
0.0
0.0
0.0
0.0
0.0
0.0
0.0
0.0
0.0
0.0
0.0
0.0
0.0
0.0
0.0
0.0
0.0
0.0
0.0
0.0
0.0
0.0
0.0
0.0
0.0
0.0
0.0
0.0
0.0
0.0
0.0
0.0
0.0
0.0
0.0
170.42216927101362
0.0
0.0
0.0
0.0
0.0
0.0
0.0
0.0
0.0
0.0
0.0
312.094571804685
0.0
0.0
60.01376714664495
0.0
0.0
0.0
0.0
0.0
248.81061116870308
0.0
0.0
0.0
0.0
0.0
0.0
0.0
0.0
0.0
0.0
0.0
254.19175259390266
0.0
0.0
0.0
0.0
0.0
190.9319635441171
0.0
0.0
0.0
0.0
0.0
0.0
266.1480569775241
0.0
0.0
0.0
0.0
0.0
0.0
0.0
0.0
0.0
0.0
0.0
360.1168731634981
0.0
0.0
0.0
0.0
0.0
0.0
213.13351678674314
769.886984740704
1602.2216068569069
0.0
0.0
0.0
0.0
180.1035846631315
0.0
0.0
0.0
0.0
0.0
0.0
0.0
0.0
0.0
0.0
0.0
0.0
0.0
102.32810728688395
153.39766624083222
0.0
313.2416766204581
0.0
0.0
0.0
0.0
0.0
0.0
0.0
0.0
0.0
0.0
0.0
0.0
0.0
72.38177584440984
0.0
0.0
0.0
0.0
112.39113449747633
0.0
0.0
0.0
0.0
0.0
78.43110044816379
0.0
0.0
0.0
0.0
0.0
0.0
220.3458128520744
0.0
0.0
0.0
0.0
0.0
0.0
0.0
0.0
0.0
0.0
0.0
0.0
134.21582857657535
0.0
0.0
0.0
0.0
0.0
0.0
0.0
0.0
0.0
0.0
425.0777948737484
0.0
0.0
0.0
0.0
0.0
588.6721864397186
176.21222998650896
0.0
0.0
0.0
0.0
0.0
363.70883307325124
0.0
0.0
0.0
114.94967477156456
0.0
0.0
0.0
0.0
87.76608203372092
90.14731450055669
0.0
0.0
0.0
0.0
0.0
0.0
0.0
0.0
0.0
0.0
0.0
0.0
0.0
0.0
0.0
0.0
0.0
0.0
0.0
0.0
150.61176725512846
435.1531910503294
0.0
0.0
0.0
0.0
0.0
0.0
0.0
0.0
0.0
0.0
0.0
0.0
0.0
0.0
0.0
0.0
0.0
0.0
0.0
0.0
0.0
0.0
0.0
0.0
0.0
0.0
0.0
0.0
0.0
0.0
0.0
0.0
0.0
0.0
0.0
0.0
0.0
0.0
0.0
0.0
0.0
0.0
0.0
0.0
0.0
0.0
0.0
0.0
0.0
0.0
0.0
0.0
0.0
0.0
0.0
0.0
0.0
0.0
0.0
0.0
0.0
0.0
0.0
0.0
0.0
0.0
0.0
0.0
0.0
0.0
0.0
0.0
76.1459610187078
0.0
0.0
0.0
0.0
0.0
0.0
0.0
0.0
0.0
0.0
0.0
0.0
0.0
0.0
0.0
0.0
0.0
0.0
0.0
0.0
0.0
0.0
0.0
0.0
0.0
0.0
0.0
0.0
0.0
0.0
0.0
0.0
0.0
0.0
0.0
61.43326839438128
0.0
87.76608203372092
0.0
0.0
0.0
0.0
0.0
0.0
0.0
0.0
0.0
0.0
0.0
0.0
0.0
0.0
0.0
0.0
0.0
0.0
0.0
0.0
0.0
0.0
100.67804895270162
98.21776171430015
0.0
0.0
0.0
0.0
0.0
0.0
0.0
0.0
0.0
0.0
0.0
0.0
0.0
0.0
0.0
0.0
0.0
0.0
0.0
0.0
0.0
0.0
0.0
0.0
0.0
0.0
0.0
69.4110483233758
0.0
0.0
0.0
0.0
0.0
0.0
0.0
0.0
0.0
0.0
107.32506506279047
0.0
0.0
0.0
0.0
86.9765003690405
0.0
0.0
0.0
0.0
0.0
0.0
0.0
0.0
0.0
0.0
0.0
0.0
0.0
0.0
452.9503106678604
0.0
0.0
0.0
0.0
0.0
0.0
134.21582857657535
0.0
0.0
0.0
0.0
72.38177584440984
0.0
0.0
0.0
0.0
0.0
0.0
83.06016460649327
0.0
0.0
0.0
0.0
0.0
0.0
358.92187659994454
0.0
0.0
0.0
0.0
0.0
0.0
0.0
0.0
0.0
0.0
0.0
0.0
0.0
0.0
0.0
0.0
0.0
0.0
0.0
0.0
0.0
2309.2750295833966
0.0
175.24329067778328
0.0
0.0
0.0
766.9014196553691
60.722302654760334
0.0
0.0
0.0
0.0
0.0
0.0
0.0
0.0
0.0
0.0
0.0
0.0
0.0
0.0
0.0
0.0
0.0
0.0
0.0
0.0
0.0
0.0
0.0
0.0
0.0
0.0
0.0
0.0
0.0
0.0
0.0
0.0
0.0
0.0
0.0
0.0
0.0
0.0
0.0
0.0
0.0
0.0
0.0
0.0
0.0
0.0
0.0
0.0
0.0
0.0
0.0
0.0
0.0
0.0
0.0
0.0
0.0
0.0
0.0
0.0
0.0
0.0
0.0
0.0
0.0
0.0
0.0
0.0
0.0
0.0
0.0
0.0
0.0
0.0
0.0
0.0
0.0
0.0
0.0
0.0
0.0
0.0
0.0
0.0
0.0
0.0
69.4110483233758
0.0
0.0
0.0
0.0
0.0
0.0
0.0
0.0
0.0
0.0
0.0
0.0
0.0
0.0
0.0
0.0
0.0
0.0
0.0
0.0
0.0
0.0
0.0
0.0
0.0
0.0
0.0
229.72124352965338
283.8229353530957
169.46268550529518
114.94967477156456
341.13756365017605
0.0
0.0
0.0
0.0
0.0
0.0
0.0
0.0
60.01376714664495
376.9681974161794
74.63358371139343
0.0
0.0
0.0
0.0
0.0
0.0
0.0
0.0
0.0
0.0
0.0
0.0
0.0
0.0
0.0
0.0
0.0
0.0
0.0
0.0
0.0
0.0
0.0
0.0
0.0
0.0
0.0
0.0
0.0
0.0
0.0
0.0
0.0
0.0
0.0
0.0
0.0
0.0
0.0
0.0
0.0
0.0
0.0
0.0
0.0
0.0
0.0
0.0
0.0
0.0
0.0
0.0
0.0
0.0
0.0
0.0
0.0
0.0
0.0
0.0
0.0
0.0
0.0
0.0
0.0
0.0
0.0
0.0
0.0
0.0
0.0
0.0
0.0
0.0
0.0
0.0
0.0
0.0
0.0
0.0
0.0
0.0
0.0
0.0
0.0
0.0
0.0
0.0
0.0
0.0
150.61176725512846
0.0
0.0
0.0
0.0
0.0
0.0
0.0
0.0
0.0
0.0
0.0
0.0
0.0
159.95585458415297
0.0
0.0
0.0
0.0
0.0
0.0
0.0
0.0
0.0
0.0
0.0
0.0
0.0
0.0
0.0
0.0
0.0
0.0
0.0
83.8391953308478
0.0
0.0
0.0
0.0
0.0
0.0
0.0
0.0
0.0
0.0
0.0
0.0
0.0
0.0
0.0
0.0
182.0585712715399
0.0
0.0
0.0
0.0
0.0
64.30120217235351
0.0
0.0
953.459477248604
612.2804744973296
0.0
0.0
0.0
0.0
0.0
0.0
204.9776461569613
0.0
0.0
0.0
0.0
0.0
0.0
0.0
0.0
146.00202562271548
0.0
0.0
0.0
0.0
0.0
0.0
0.0
658.8745689442661
0.0
0.0
165.6406756543009
0.0
0.0
0.0
0.0
309.80406535229565
0.0
0.0
0.0
0.0
0.0
0.0
0.0
0.0
0.0
114.94967477156456
0.0
0.0
0.0
0.0
0.0
0.0
0.0
0.0
0.0
0.0
0.0
0.0
0.0
668.8859285806045
98.21776171430015
0.0
0.0
0.0
141.4345331731696
0.0
0.0
0.0
0.0
106.48740302404322
169.46268550529518
0.0
0.0
0.0
0.0
0.0
0.0
0.0
0.0
0.0
0.0
0.0
0.0
0.0
65.74945361074789
0.0
0.0
0.0
0.0
132.42855574094926
0.0
1053.5241239221011
60.01376714664495
123.59856797857641
0.0
0.0
0.0
0.0
0.0
242.39798920215787
0.0
0.0
188.94942847191263
0.0
0.0
0.0
0.0
0.0
0.0
0.0
0.0
0.0
0.0
0.0
240.27138130103322
0.0
0.0
0.0
0.0
0.0
90.14731450055669
0.0
0.0
0.0
250.95901909851534
0.0
0.0
0.0
0.0
0.0
0.0
0.0
0.0
0.0
0.0
0.0
0.0
0.0
0.0
0.0
0.0
0.0
0.0
0.0
0.0
132.42855574094926
0.0
477.4344256998002
0.0
413.82605759672356
0.0
0.0
0.0
0.0
0.0
0.0
438.94923974210184
0.0
0.0
0.0
0.0
0.0
0.0
0.0
0.0
82.2832684414492
90.14731450055669
0.0
0.0
0.0
60.01376714664495
1255.2446594293167
0.0
0.0
188.94942847191263
0.0
0.0
0.0
0.0
0.0
1136.3147485070772
909.2405479410123
0.0
0.0
0.0
0.0
0.0
0.0
317.8423961987579
90.14731450055669
90.14731450055669
0.0
0.0
0.0
141.4345331731696
0.0
0.0
0.0
0.0
0.0
0.0
0.0
0.0
0.0
0.0
0.0
0.0
0.0
0.0
0.0
0.0
0.0
0.0
0.0
0.0
0.0
0.0
0.0
0.0
67.20711112043635
0.0
0.0
0.0
0.0
0.0
0.0
0.0
0.0
0.0
0.0
0.0
0.0
0.0
0.0
0.0
0.0
0.0
0.0
0.0
0.0
0.0
0.0
0.0
0.0
0.0
0.0
0.0
0.0
0.0
0.0
0.0
0.0
0.0
0.0
0.0
0.0
0.0
0.0
0.0
0.0
0.0
0.0
0.0
0.0
0.0
0.0
0.0
0.0
0.0
0.0
0.0
0.0
0.0
0.0
0.0
0.0
0.0
0.0
0.0
0.0
0.0
0.0
0.0
0.0
0.0
0.0
0.0
0.0
0.0
0.0
0.0
0.0
0.0
0.0
0.0
0.0
0.0
0.0
0.0
0.0
0.0
0.0
0.0
0.0
0.0
0.0
0.0
0.0
0.0
0.0
0.0
0.0
0.0
0.0
0.0
0.0
0.0
0.0
0.0
0.0
0.0
0.0
0.0
0.0
0.0
0.0
0.0
0.0
0.0
0.0
0.0
0.0
0.0
0.0
0.0
0.0
0.0
0.0
0.0
0.0
0.0
0.0
0.0
0.0
0.0
0.0
0.0
0.0
0.0
0.0
0.0
0.0
0.0
0.0
0.0
0.0
0.0
0.0
0.0
0.0
0.0
0.0
0.0
0.0
0.0
0.0
0.0
0.0
0.0
0.0
0.0
0.0
0.0
0.0
0.0
0.0
0.0
0.0
0.0
0.0
0.0
0.0
0.0
61.43326839438128
76.1459610187078
0.0
0.0
0.0
0.0
0.0
0.0
0.0
0.0
0.0
300.6916937049483
456.79106004050817
0.0
0.0
0.0
0.0
0.0
0.0
0.0
0.0
0.0
0.0
0.0
0.0
0.0
0.0
0.0
2170.411164580496
0.0
0.0
0.0
65.02414673580235
0.0
0.0
0.0
0.0
0.0
0.0
0.0
0.0
0.0
0.0
0.0
0.0
0.0
0.0
0.0
0.0
0.0
0.0
0.0
163.73927872098668
0.0
0.0
243.46334923551106
629.1078109511864
0.0
0.0
0.0
0.0
0.0
0.0
0.0
0.0
0.0
0.0
229.72124352965338
0.0
0.0
0.0
199.92785424574998
141.4345331731696
0.0
0.0
0.0
0.0
0.0
0.0
0.0
140.52615349723487
0.0
0.0
0.0
0.0
0.0
0.0
0.0
0.0
0.0
0.0
0.0
0.0
0.0
0.0
0.0
0.0
0.0
0.0
191.92550101261378
0.0
0.0
0.0
0.0
95.77539757174162
0.0
0.0
0.0
0.0
0.0
0.0
0.0
0.0
0.0
0.0
0.0
0.0
0.0
0.0
0.0
330.59504508484383
87.76608203372092
0.0
0.0
0.0
0.0
0.0
0.0
0.0
503.6105670647224
0.0
0.0
0.0
0.0
0.0
136.90984974814012
125.35024705603001
0.0
0.0
0.0
0.0
0.0
0.0
0.0
0.0
0.0
0.0
0.0
0.0
851.763361926572
0.0
0.0
0.0
0.0
143.25642486861767
0.0
0.0
0.0
0.0
0.0
0.0
0.0
0.0
0.0
0.0
0.0
0.0
0.0
0.0
0.0
0.0
0.0
0.0
0.0
0.0
0.0
0.0
0.0
0.0
0.0
0.0
0.0
0.0
0.0
0.0
0.0
0.0
0.0
0.0
0.0
0.0
0.0
0.0
0.0
0.0
0.0
93.35114442114522
0.0
0.0
0.0
0.0
0.0
0.0
0.0
0.0
0.0
0.0
0.0
0.0
0.0
0.0
0.0
0.0
0.0
0.0
0.0
0.0
0.0
0.0
0.0
0.0
0.0
0.0
0.0
0.0
0.0
0.0
0.0
0.0
0.0
0.0
0.0
0.0
0.0
0.0
0.0
0.0
0.0
0.0
0.0
0.0
0.0
0.0
0.0
0.0
0.0
0.0
0.0
0.0
0.0
0.0
0.0
0.0
0.0
0.0
0.0
0.0
0.0
0.0
0.0
0.0
0.0
0.0
0.0
0.0
0.0
0.0
0.0
0.0
0.0
0.0
0.0
0.0
0.0
0.0
0.0
0.0
0.0
0.0
0.0
0.0
0.0
0.0
0.0
0.0
0.0
0.0
0.0
0.0
0.0
0.0
0.0
0.0
0.0
0.0
0.0
0.0
0.0
0.0
0.0
0.0
0.0
0.0
0.0
0.0
0.0
0.0
0.0
0.0
0.0
0.0
0.0
0.0
0.0
0.0
0.0
0.0
0.0
0.0
0.0
0.0
0.0
0.0
0.0
0.0
0.0
0.0
0.0
0.0
0.0
0.0
198.92233450472955
66.47711197019052
0.0
0.0
0.0
0.0
0.0
0.0
0.0
94.15720465301955
89.35149680514185
0.0
0.0
0.0
0.0
0.0
0.0
0.0
0.0
167.54848803358408
0.0
0.0
0.0
0.0
160.89927965191615
0.0
0.0
0.0
0.0
0.0
0.0
0.0
0.0
0.0
0.0
0.0
0.0
0.0
0.0
0.0
0.0
0.0
0.0
0.0
0.0
0.0
0.0
0.0
0.0
0.0
0.0
0.0
0.0
0.0
0.0
0.0
0.0
0.0
0.0
0.0
0.0
0.0
0.0
0.0
0.0
0.0
0.0
0.0
0.0
0.0
0.0
0.0
0.0
0.0
0.0
0.0
214.15953303267185
0.0
0.0
0.0
0.0
0.0
205.99202183474574
0.0
0.0
0.0
0.0
0.0
0.0
0.0
0.0
0.0
0.0
174.27591822778663
103.98599723165675
0.0
0.0
0.0
0.0
1056.800357117901
0.0
0.0
0.0
0.0
0.0
0.0
0.0
0.0
0.0
88.55775009386497
0.0
0.0
0.0
185.98702479994895
0.0
0.0
0.0
0.0
0.0
0.0
0.0
0.0
0.0
0.0
83.8391953308478
161.8443279810467
0.0
0.0
0.0
0.0
0.0
0.0
208.02516639476522
0.0
0.0
0.0
0.0
0.0
0.0
0.0
0.0
0.0
0.0
0.0
0.0
0.0
0.0
0.0
0.0
0.0
0.0
0.0
0.0
0.0
0.0
0.0
0.0
0.0
0.0
0.0
1361.6592794934631
0.0
0.0
0.0
0.0
0.0
0.0
0.0
0.0
0.0
0.0
339.96139332378436
0.0
0.0
0.0
0.0
0.0
0.0
0.0
120.98464226504032
0.0
61.43326839438128
0.0
0.0
0.0
0.0
0.0
0.0
0.0
0.0
0.0
0.0
0.0
0.0
0.0
0.0
0.0
0.0
1761.819092266557
0.0
494.4024153359926
1217.4940492677497
0.0
100.67804895270162
104.8178627862796
0.0
0.0
0.0
0.0
0.0
0.0
0.0
0.0
0.0
189.93993827531028
161.8443279810467
0.0
0.0
62.86244397093876
0.0
0.0
0.0
0.0
0.0
0.0
0.0
0.0
0.0
0.0
0.0
0.0
0.0
0.0
0.0
0.0
0.0
0.0
0.0
0.0
0.0
0.0
0.0
0.0
0.0
0.0
0.0
0.0
0.0
71.63567992417555
0.0
0.0
0.0
0.0
0.0
0.0
0.0
0.0
0.0
0.0
0.0
0.0
0.0
0.0
0.0
0.0
0.0
0.0
0.0
0.0
0.0
0.0
0.0
0.0
0.0
0.0
0.0
0.0
0.0
0.0
0.0
0.0
0.0
0.0
0.0
0.0
0.0
0.0
0.0
0.0
0.0
0.0
136.0101008451464
0.0
68.67408966922883
0.0
0.0
0.0
0.0
0.0
0.0
0.0
0.0
0.0
0.0
0.0
0.0
0.0
0.0
0.0
0.0
0.0
0.0
0.0
0.0
0.0
0.0
0.0
0.0
0.0
0.0
0.0
0.0
0.0
0.0
0.0
0.0
0.0
0.0
0.0
0.0
0.0
101.50209588460702
0.0
0.0
0.0
0.0
0.0
0.0
0.0
0.0
0.0
0.0
0.0
0.0
0.0
0.0
0.0
0.0
0.0
0.0
0.0
0.0
0.0
0.0
0.0
0.0
0.0
0.0
0.0
0.0
0.0
0.0
0.0
0.0
0.0
0.0
0.0
0.0
0.0
0.0
0.0
0.0
240.27138130103322
0.0
0.0
0.0
0.0
0.0
0.0
0.0
0.0
0.0
0.0
0.0
0.0
0.0
0.0
0.0
0.0
0.0
0.0
0.0
0.0
0.0
0.0
0.0
0.0
0.0
0.0
0.0
0.0
0.0
0.0
0.0
0.0
0.0
0.0
0.0
0.0
0.0
0.0
0.0
0.0
0.0
0.0
144.1699278362212
0.0
0.0
0.0
82.2832684414492
0.0
0.0
0.0
0.0
0.0
0.0
0.0
0.0
0.0
0.0
185.98702479994895
0.0
164.6891733445133
0.0
0.0
0.0
0.0
0.0
0.0
0.0
0.0
0.0
0.0
0.0
0.0
63.58063088343796
0.0
0.0
2624.3143247794546
0.0
0.0
0.0
0.0
0.0
499.65812231794234
0.0
0.0
254.19175259390266
0.0
0.0
0.0
0.0
0.0
0.0
559.8880395294563
0.0
0.0
0.0
0.0
99.8559731339996
0.0
0.0
70.8918534572253
0.0
0.0
0.0
0.0
0.0
0.0
0.0
0.0
0.0
774.371697174607
765.4099121221024
62.14665267847594
119.25114966497577
0.0
0.0
76.90547344273313
0.0
0.0
0.0
0.0
62.14665267847594
0.0
0.0
0.0
0.0
0.0
0.0
0.0
0.0
0.0
0.0
0.0
561.2490981405565
238.15027300179543
0.0
0.0
0.0
0.0
132.42855574094926
0.0
0.0
0.0
0.0
0.0
0.0
257.43657496981655
0.0
0.0
0.0
0.0
0.0
0.0
0.0
0.0
0.0
0.0
0.0
0.0
0.0
0.0
0.0
0.0
0.0
0.0
0.0
0.0
0.0
0.0
0.0
0.0
0.0
0.0
0.0
0.0
0.0
0.0
0.0
0.0
0.0
0.0
0.0
0.0
0.0
0.0
0.0
0.0
0.0
0.0
0.0
63.58063088343796
0.0
0.0
0.0
0.0
0.0
0.0
0.0
0.0
0.0
0.0
0.0
97.40163970852419
0.0
0.0
0.0
0.0
0.0
0.0
0.0
0.0
0.0
0.0
0.0
0.0
0.0
0.0
0.0
0.0
0.0
0.0
0.0
0.0
0.0
0.0
0.0
0.0
0.0
0.0
0.0
0.0
0.0
0.0
0.0
0.0
0.0
0.0
0.0
0.0
0.0
0.0
0.0
0.0
0.0
0.0
0.0
0.0
0.0
0.0
0.0
0.0
0.0
0.0
0.0
0.0
0.0
0.0
0.0
0.0
0.0
0.0
0.0
0.0
0.0
0.0
0.0
0.0
0.0
0.0
0.0
0.0
0.0
0.0
0.0
0.0
0.0
0.0
0.0
0.0
0.0
0.0
0.0
0.0
0.0
0.0
0.0
0.0
0.0
0.0
0.0
0.0
0.0
0.0
0.0
0.0
0.0
0.0
0.0
0.0
0.0
0.0
0.0
0.0
0.0
0.0
0.0
0.0
0.0
0.0
0.0
0.0
0.0
0.0
0.0
0.0
0.0
0.0
0.0
0.0
0.0
0.0
0.0
0.0
0.0
0.0
0.0
0.0
0.0
0.0
0.0
0.0
0.0
0.0
0.0
0.0
0.0
0.0
0.0
0.0
0.0
0.0
0.0
0.0
0.0
0.0
0.0
0.0
0.0
0.0
0.0
0.0
0.0
0.0
0.0
0.0
0.0
87.76608203372092
70.150306274569
0.0
0.0
0.0
0.0
0.0
0.0
0.0
0.0
0.0
0.0
362.51035299287093
0.0
0.0
0.0
0.0
0.0
0.0
0.0
126.22878933053622
0.0
0.0
0.0
0.0
0.0
0.0
0.0
0.0
0.0
0.0
0.0
0.0
0.0
0.0
0.0
0.0
465.7896319745139
0.0
0.0
0.0
0.0
0.0
0.0
0.0
0.0
0.0
0.0
77.66718957795585
0.0
0.0
0.0
0.0
0.0
0.0
0.0
111.54204650830557
138.71454936458122
81.50851515896161
0.0
0.0
0.0
0.0
0.0
0.0
0.0
0.0
0.0
0.0
84.62035237821684
0.0
0.0
0.0
0.0
0.0
0.0
0.0
0.0
0.0
0.0
0.0
0.0
0.0
80.73591317073351
0.0
0.0
0.0
0.0
0.0
0.0
0.0
518.1805641203526
1381.11668211455
0.0
0.0
0.0
0.0
0.0
0.0
0.0
0.0
0.0
0.0
0.0
0.0
0.0
237.09178751756406
0.0
0.0
0.0
0.0
261.7817003882562
83.8391953308478
735.7593777897027
354.1535501281129
261.7817003882562
0.0
0.0
0.0
0.0
0.0
0.0
0.0
0.0
0.0
0.0
0.0
0.0
0.0
0.0
0.0
71.63567992417555
0.0
0.0
0.0
0.0
0.0
0.0
0.0
0.0
0.0
0.0
0.0
307.51850904959525
215.18699126652993
0.0
0.0
0.0
0.0
0.0
0.0
0.0
0.0
0.0
0.0
0.0
0.0
0.0
0.0
0.0
0.0
0.0
0.0
0.0
0.0
0.0
0.0
0.0
0.0
0.0
0.0
0.0
0.0
0.0
0.0
0.0
0.0
0.0
0.0
0.0
0.0
0.0
0.0
0.0
0.0
0.0
0.0
0.0
0.0
0.0
0.0
0.0
0.0
0.0
0.0
0.0
0.0
0.0
0.0
0.0
0.0
0.0
0.0
0.0
0.0
0.0
0.0
0.0
0.0
0.0
0.0
0.0
0.0
0.0
0.0
0.0
0.0
0.0
0.0
0.0
0.0
0.0
0.0
0.0
0.0
0.0
0.0
0.0
0.0
0.0
0.0
0.0
0.0
0.0
0.0
0.0
0.0
0.0
0.0
0.0
0.0
0.0
0.0
0.0
0.0
0.0
0.0
0.0
0.0
0.0
0.0
0.0
0.0
0.0
0.0
0.0
0.0
0.0
0.0
0.0
0.0
0.0
0.0
0.0
0.0
0.0
0.0
0.0
0.0
0.0
0.0
0.0
0.0
0.0
0.0
0.0
0.0
0.0
0.0
0.0
0.0
0.0
0.0
0.0
0.0
0.0
0.0
0.0
0.0
